0 0 0
0 0.052944536972790973 0
0.0015 0.17474899507456104 0.26468266425429121
0.0030000000000000001 0.17049245433804031 0.49235352812498734
0.0044999999999999997 0.25509316862800169 0.68829466861791866
0.0060000000000000001 0.28223431115832476 0.85694386604694917
0.0074999999999999997 0.40853507061344813 1.0021023693486364
0.0089999999999999993 0.53382345543519427 1.1270399548523726
0.010500000000000001 0.52715411600055728 1.2345784760247291
0.012 0.55122979487505752 1.3271428904969598
0.0135 0.62538246458683 1.4068182290551461
0.014999999999999999 0.822633980816734 1.4753979320170791
0.016500000000000001 0.89363940156846289 1.5344284429032877
0.017999999999999999 0.79720246362536462 1.585241419481267
0.0195 0.81510912114560996 1.6289818552993265
0.021000000000000001 0.9801999452179464 1.6666350533234862
0.022499999999999999 0.97384643905185719 1.6990492451836732
0.024 1.030781753448033 1.7269542393636752
0.025499999999999998 1.0670448438057887 1.7509780774642572
0.027 1.1090911936775305 1.7716610924456435
0.028500000000000001 1.2136136595986127 1.7894683483616574
0.029999999999999999 1.137659040992909 1.8048003947198439
0.0315 1.2273722786517898 1.8180026571321997
0.033000000000000002 1.3198276224881271 1.8293707030210309
0.034500000000000003 1.1712132525903101 1.8391597173184429
0.035999999999999997 1.3700227234356401 1.8475893424285426
0.037499999999999999 1.3035222513151827 1.8548486328736682
0.039 1.4322173933368016 1.8611003704724927
0.040500000000000001 1.3449320229641442 1.8664851048584203
0.042000000000000003 1.3687432184211785 1.8711232245294807
0.043499999999999997 1.3071493356271284 1.8751183829408047
0.044999999999999998 1.3668623755837772 1.878559793369752
0.0465 1.4111517768602344 1.8815243422782704
0.048000000000000001 1.4101346291498291 1.8840782286579023
0.049500000000000002 1.5544817816857335 1.8862784428936208
0.050999999999999997 1.4705258408011721 1.8881581696678882
0.052499999999999998 1.4415449644504783 1.889780456795449
0.053999999999999999 1.4708504488091207 1.891180547284375
0.055500000000000001 1.5426064653208673 1.8923888618703686
0.057000000000000002 1.5193079309696302 1.8934316584796231
0.058500000000000003 1.5686509004532192 1.8943316015634208
0.059999999999999998 1.605437341571289 1.8951082536129484
0.061499999999999999 1.6213921780711358 1.8957784994836551
0.063 1.6433837043927464 1.8963569127080089
0.064500000000000002 1.6677818239062048 1.8968560717226812
0.066000000000000003 1.6288188722776364 1.897286832854147
0.067500000000000004 1.5777676777218137 1.897658565972179
0.069000000000000006 1.5163637535378287 1.8979793579136774
0.070499999999999993 1.5244729201663361 1.8982561880823536
0.071999999999999995 1.5989084249902557 1.8984950800279539
0.073499999999999996 1.5533872604129553 1.8987012322890462
0.074999999999999997 1.6542110228263474 1.8988791313346622
0.076499999999999999 1.6564589866133954 1.8990326490526368
0.078 1.6925156742528058 1.8991651268979306
0.079500000000000001 1.6131484530956501 1.8992794485253996
0.081000000000000003 1.5666641049016738 1.8993781024820626
0.082500000000000004 1.6585504504447912 1.8994632363186044
0.084000000000000005 1.7682924086182326 1.8995370095392277
0.085500000000000007 1.5836274134797761 1.8996005740471031
0.086999999999999994 1.6051448405258888 1.8996553528263629
0.088499999999999995 1.6393086057597637 1.899702569004404
0.089999999999999997 1.6104962238472664 1.8997432741345297
0.091499999999999998 1.6801136506169978 1.8997783724470467
0.092999999999999999 1.6508075317337845 1.8998086416473972
0.094500000000000001 1.6181638499733033 1.8998347507563647
0.096000000000000002 1.7473683282649997 1.8998572754159535
0.097500000000000003 1.7411512967385918 1.8998767110235013
0.099000000000000005 1.6867127178430399 1.899893484004374
0.10050000000000001 1.6520058638945772 1.8999079614889482
0.10199999999999999 1.6379138420887445 1.8999204596214121
0.10349999999999999 1.789199353297465 1.8999312954554164
0.105 1.7976138479116841 1.8999406493037685
0.1065 1.7596538612009547 1.899948724239384
0.108 1.7207110390301292 1.899955695488164
0.1095 1.7361787662669386 1.8999617142478145
0.111 1.6412234022207652 1.8999669109831376
0.1125 1.8131362150837362 1.8999713982695272
0.114 1.7185546049007061 1.8999752732465813
0.11550000000000001 1.7526895322291651 1.8999786197352704
0.11700000000000001 1.734738000799489 1.8999815100647637
0.11849999999999999 1.6645697818395147 1.8999840066487197
0.12 1.6927975262211372 1.8999861633453843
0.1215 1.719698480408357 1.8999880266311324
0.123 1.8003563517746157 1.899989636613034
0.1245 1.6773051378983195 1.8999910279025194
0.126 1.6409835288763424 1.8999922303691898
0.1275 1.6813501787066003 1.8999932697912081
0.129 1.7135032448156928 1.8999941684164592
0.1305 1.730110668536837 1.8999949454467191
0.13200000000000001 1.7316006747126409 1.8999956174553863
0.13350000000000001 1.7177081477961864 1.8999961987479048
0.13500000000000001 1.6975427932854008 1.8999967016727242
0.13650000000000001 1.6631547467450829 1.8999971368895954
0.13800000000000001 1.769691883975838 1.8999975136010554
0.13950000000000001 1.7561656322768795 1.899997839752144
0.14099999999999999 1.7087238576494039 1.8999981222027222
0.14249999999999999 1.8345329323092483 1.8999983671362248
0.14399999999999999 1.7870740124920186 1.899998580121441
0.14549999999999999 1.7402790866135964 1.8999987653255943
0.14699999999999999 1.6551129044312705 1.89999892637235
0.14849999999999999 1.7560964995710326 1.8999990664127164
