0 0
0 0
0.01 0.63468947889559379
0.02 2.4097705305139878
0.029999999999999999 5.0958471023323284
0.040000000000000001 8.4299145116702832
0.050000000000000003 12.137442002894163
0.059999999999999998 15.94933239763867
0.070000000000000007 19.618116046255416
0.080000000000000002 22.929643482110517
0.089999999999999997 25.714395388342762
0.10000000000000001 27.851393217503865
0.11 29.27613574836376
0.12 29.976318634880062
0.13 29.983303135979138
0.14000000000000001 29.367919979981323
0.14999999999999999 28.233046993645349
0.16 26.703897179057805
0.17000000000000001 24.916957045401748
0.17999999999999999 23.011075965328224
0.19 21.114228617636577
0.20000000000000001 19.345620386381128
0.20999999999999999 17.801655271535939
0.22 16.555583293197948
0.23000000000000001 15.655140679761036
0.23999999999999999 15.118053929280213
0.25 14.94235427409405
0.26000000000000001 15.097923731163913
0.27000000000000002 15.54268381662386
0.28000000000000003 16.218373293092537
0.28999999999999998 17.058728622231332
0.29999999999999999 17.994589162885472
0.31 18.957790169951057
0.32000000000000001 19.885332842665797
0.33000000000000002 20.723024506459648
0.34000000000000002 21.429105158532423
0.34999999999999998 21.971184149259802
0.35999999999999999 22.333314993415602
0.37 22.502159815978775
0.38 22.507520974825823
0.39000000000000001 22.357702031148932
0.40000000000000002 22.07685996945775
0.40999999999999998 21.696178063978017
0.41999999999999998 21.249633909278508
0.42999999999999999 20.772143870663136
0.44 20.296445857230339
0.45000000000000001 19.851878049132008
0.46000000000000002 19.462913196881619
0.46999999999999997 19.148953008780925
0.47999999999999998 18.921284486545765
0.48999999999999999 18.785094394324506
0.5 18.738672210754039
0.51000000000000001 18.775193626198178
0.52000000000000002 18.88296638551796
0.53000000000000003 19.048860279628489
0.54000000000000004 19.256578019735535
0.55000000000000004 19.488703508601304
0.56000000000000005 19.728260123496042
0.56999999999999995 19.959584694148862
0.57999999999999996 20.169088214576856
0.58999999999999997 20.34540999809763
0.59999999999999998 20.481481795393854
0.60999999999999999 20.572956915478127
0.62 20.613746260865291
0.63 20.617142127103918
0.64000000000000001 20.582019795295743
0.65000000000000002 20.515213311111928
0.66000000000000003 20.423474331904739
0.67000000000000004 20.315106343675474
0.68000000000000005 20.198668130505194
0.68999999999999995 20.082208201388486
0.69999999999999996 19.972963805623404
0.70999999999999996 19.877467943719889
0.71999999999999997 19.799886987732105
0.72999999999999998 19.743193732206517
0.73999999999999999 19.711111051489144
0.75 19.698429274780587
0.76000000000000001 19.705502241742217
0.77000000000000002 19.729894315931954
0.78000000000000003 19.767945938794554
0.79000000000000004 19.816302075585867
0.80000000000000004 19.870842720409211
0.81000000000000005 19.927520888590692
0.81999999999999995 19.982606143171491
0.82999999999999996 20.03259198240065
0.83999999999999997 20.075057084065577
0.84999999999999998 20.108168204637536
0.85999999999999999 20.131015651627354
0.87 20.140889315395459
0.88 20.143069878207481
0.89000000000000001 20.136181562465399
0.90000000000000002 20.121701991333619
0.91000000000000003 20.101600669859454
0.92000000000000004 20.077454944618431
0.93000000000000005 20.05118817747806
0.93999999999999995 20.024793860887055
0.94999999999999996 19.999911375326388
0.95999999999999996 19.97786665060341
0.96999999999999997 19.959711716575882
0.97999999999999998 19.946190510982802
0.98999999999999999 19.938095858033297
