0.10000000000000002 81.441218951112461 -14.054983749451024
0.10046204213468128 81.402002814299252 -14.015639900172188
0.10092621909870475 81.362610025638958 -13.976302427443507
0.10139254075588156 81.323039831296228 -13.936971389005279
0.10186101701559759 81.283291474800521 -13.897646843108411
0.1023316578330245 81.243364197045366 -13.85832884851871
0.10280447320933095 81.203257236287612 -13.819017464521195
0.10327947319189516 81.162969828146899 -13.779712750924475
0.10375666787451862 81.122501205605232 -13.740414768065106
0.1042360673976402 81.081850599006771 -13.701123576812046
0.10471768194855205 81.041017236057655 -13.661839238571069
0.10520152176161587 81.000000341826137 -13.622561815289256
0.10568759711848043 80.958799138742791 -13.58329136945952
0.10617591834830004 80.917412846600811 -13.544027964125164
0.10666649582795397 80.875840682556642 -13.504771662884448
0.10715933998226713 80.834081861130684 -13.465522529895201
0.10765446128423156 80.792135594208034 -13.426280629879475
0.10815187025522882 80.750001091039735 -13.387046028128237
0.10865157746525385 80.707677558243816 -13.347818790506066
0.10915359353313919 80.665164199806838 -13.308598983455921
0.10965792912678102 80.62246021708539 -13.269386674003915
0.11016459496336566 80.579564808807888 -13.230181929764122
0.11067360180959737 80.536477171076484 -13.19098481894345
0.11118496048192712 80.49319649736924 -13.151795410346514
0.11169868184678235 80.449721978542499 -13.112613773380561
0.11221477682079804 80.406052802833344 -13.073439978060419
0.11273325637104867 80.36218815586237 -13.034274095013505
0.11325413151528117 80.318127220636612 -12.995116195484803
0.11377741332214915 80.273869177552626 -12.955966351341992
0.11430311291144793 80.229413204399961 -12.9168246350805
0.11483124145435114 80.184758476364564 -12.877691119828615
0.11536181017364781 80.139904166032636 -12.838565879352702
0.11589483034398108 80.094849443394608 -12.799448988062355
0.11643031329208771 80.049593475849363 -12.760340521015671
0.11696827039703855 80.004135428208656 -12.721240553924501
0.11750871309048079 79.958474462701787 -12.682149163159767
0.11805165285688052 79.912609738980464 -12.643066425756789
0.11859710123376696 79.866540414123975 -12.603992419420694
0.11914506981197763 79.820265642644557 -12.564927222531793
0.11969557023590437 79.773784576492986 -12.525870914151092
0.12024861420374124 79.727096365064469 -12.486823574025713
0.12080421346773285 79.680200155204759 -12.447785282594461
0.12136237983442415 79.633095091216433 -12.408756120993367
0.12192312516491111 79.585780314865659 -12.369736171061318
0.12248646137509316 79.538254965388958 -12.330725515345641
0.12305240043592618 79.490518179500413 -12.291724237107815
0.12362095437367689 79.442569091399051 -12.252732420329151
0.12419213527017843 79.39440683277661 -12.213750149716562
0.12476595526308699 79.346030532825409 -12.174777510708342
0.12534242654614003 79.29743931824666 -12.13581458947996
0.12592156136941512 79.248632313259009 -12.096861472949932
0.12650337203959036 79.19960863960732 -12.057918248785739
0.1270878709202059 79.150367416571839 -12.018985005409709
0.12767507043192661 79.100907760977591 -11.980061832005017
0.12826498305280606 79.05122878720411 -11.941148818521688
0.12885762131855183 79.001329607195402 -11.902246055682621
0.12945299782279157 78.951209330470419 -11.863353634989702
0.13005112521734094 78.900867064133564 -11.824471648729869
0.13065201621247216 78.850301912885783 -11.785600189981331
0.13125568357718437 78.799512979035768 -11.7467393526197
0.13186214013947486 78.748499362511666 -11.707889231324264
0.13247139878661171 78.697260160872943 -11.669049921584223
0.13308347246540755 78.645794469322752 -11.630221519705003
0.13369837418249469 78.594101380720602 -11.59140412281463
0.13431611700460161 78.542179985595254 -11.552597828870041
0.13493671405883068 78.490029372158119 -11.513802736663562
0.13556017853293686 78.437648626316928 -11.475018945829337
0.13618652367560824 78.385036831689845 -11.436246556849808
0.13681576279674723 78.332193069619819 -11.397485671062277
0.13744790926775377 78.279116419189435 -11.358736390665436
0.13808297652180926 78.225805957236062 -11.319998818725992
0.13872097805416206 78.172260758367401 -11.281273059185295
0.13936192742241432 78.118479894977483 -11.242559216866026
0.14000583824680979 78.064462437262975 -11.203857397478917
0.14065272421052374 78.010207453239858 -11.165167707629475
0.1413025990599534 77.955714008760651 -11.126490254824809
0.14195547660501021 77.900981167531924 -11.087825147480403
0.14261137071941293 77.846007991132268 -11.049172494927058
0.14327029534098312 77.790793539030602 -11.010532407417704
0.14393226447194074 77.73533686860506 -10.971904996134397
0.14459729217920197 77.679637035162216 -10.933290373195254
0.14526539259467816 77.623693091956696 -10.894688651661482
0.14593657991557571 77.567504090211344 -10.856099945544436
0.14661086840469847 77.511069079137755 -10.817524369812661
0.14728827239075029 77.454387105957267 -10.778962040399033
0.14796880626863967 77.397457215922458 -10.740413074207909
0.14865248449978574 77.340278452339064 -10.701877589122308
0.14933932161242527 77.282849856588371 -10.663355704011165
0.15002933220192186 77.225170468150125 -10.62484753873653
0.15072253093107565 77.167239324625839 -10.586353214160919
0.15141893253043523 77.109055461762708 -10.547872852154612
0.1521185517986105 77.050617913477879 -10.509406575603025
0.15282140360258703 76.991925711883354 -10.470954508414115
0.15352750287804232 76.932977887311296 -10.432516775525789
0.15423686462966285 76.873773468339934 -10.394093502913401
0.1549495039314632 76.814311481819914 -10.355684817597229
0.15566543592710622 76.754590952901154 -10.317290847649996
0.15638467583022472 76.694610905060443 -10.278911722204493
0.1571072389247451 76.634370360129253 -10.240547571461102
0.15783314056521178 76.573868338322313 -10.202198526695486
0.15856239617711373 76.513103858266746 -10.16386472026622
0.15929502125721232 76.452075937031594 -10.1255462856225
0.16003103137387012 76.390783590158094 -10.087243357311879
0.1607704421673824 76.329225831690422 -10.048956070987993
0.16151326935030907 76.267401674207022 -10.010684563418391
0.16225952870780874 76.205310128852545 -9.9724289724923203
0.16300923609797413 76.142950205370397 -9.9341894372285982
0.16376240745216886 76.080320912135832 -9.8959660977834947
0.16451905877536627 76.017421256189678 -9.8577590954586114
0.16527920614648953 75.954250243272696 -9.8195685727088531
0.16604286571875299 75.890806877860541 -9.7813946731503751
0.16681005372000596 75.827090163199287 -9.7432375415685808
0.16758078645307684 75.763099101341751 -9.7050973239261555
0.16835508029612029 75.698832693184286 -9.6669741673710927
0.16913295170296483 75.634289938504267 -9.6288682202447884
0.16991441720346265 75.569469835998319 -9.590779632090138
0.17069949340384083 75.504371383321143 -9.5527085536596381
0.17148819698705403 75.438993577124961 -9.5146551369236061
0.17228054471313944 75.373335413099738 -9.4766195350782674
0.17307655341957254 75.307395886014035 -9.4386019025540264
0.17387624002162508 75.241173989756533 -9.4006023950236504
0.17467962151272459 75.174668717378339 -9.3626211694105237
0.17548671496481516 75.107879061135918 -9.324658383896935
0.1762975375287206 75.040804012534764 -9.2867141979323424
0.17711210643450881 74.973442562373847 -9.2487887722416851
0.17793043899185779 74.905793700790696 -9.2108822688337337
0.17875255259042358 74.837856417307293 -9.1729948510094061
0.17957846470020963 74.769629700876706 -9.135126683370185
0.18040819287193832 74.701112539930421 -9.0972779318264436
0.18124175473742371 74.63230392242653 -9.0594487636058876
0.18207916800994628 74.563202835898565 -9.0216393472619707
0.18292045048462943 74.493808267505273 -8.9838498526823081
0.18376562003881719 74.424119204081038 -8.9460804510971599
0.18461469463245478 74.354134632187112 -8.9083313150878638
0.18546769230846988 74.283853538163712 -8.8706026185953153
0.18632463119315601 74.213274908182939 -8.8328945369284746
0.18718552949655798 74.142397728302427 -8.7952072467728417
0.18805040551285829 74.07122098451984 -8.7575409261989936
0.18891927762076666 73.99974366282828 -8.7198957546710751
0.18979216428391008 73.927964749272462 -8.6822719130553523
0.19066908405122523 73.855883230005745 -8.6446695836287137
0.19155005555735283 73.783498091348065 -8.6070889500872596
0.19243509752303317 73.710808319844759 -8.5695301975548084
0.19332422875550456 73.637812902326104 -8.5319935125914625
0.19421746814890259 73.564510825967915 -8.4944790832021617
0.19511483468466168 73.490901078353033 -8.4569870988452553
0.19601634743191859 73.416982647533501 -8.4195177504410115
0.1969220255479173 73.342754522094012 -8.3820712303802569
0.19783188827841644 73.268215691215858 -8.3446477325328541
0.1987459549580983 73.193365144742131 -8.3072474522562896
0.19966424501097937 73.118201873243734 -8.2698705864042275
0.20058677795082344 73.042724868086253 -8.2325173333350481
0.20151357338155579 72.96693312149803 -8.1951878929203978
0.20244465099768041 72.890825626638829 -8.1578824665536995
0.20338003058469817 72.81440137766981 -8.1206012571586861
0.20431973201952708 72.737659369824357 -8.0833444691979324
0.20526377527092524 72.660598599479727 -8.046112308681316
0.20621218039991437 72.583218064230024 -8.0089049831745491
0.20716496756020697 72.505516762959857 -7.9717227018076153
0.20812215699863387 72.427493695919196 -7.9345656752832632
0.20908376905557505 72.349147864799207 -7.8974341158854058
0.21004982416539159 72.270478272809029 -7.8603282374875789
0.21102034285685958 72.191483924753726 -7.8232482555613245
0.21199534575360715 72.112163827113179 -7.7861943871845725
0.21297485357455204 72.032516988122069 -7.7491668510499938
0.21395888713434222 71.952542417850864 -7.7121658674733364
0.21494746734379808 71.872239128288015 -7.6751916584017241
0.21594061521035668 71.791606133423031 -7.638244447421938
0.21693835183851851 71.710642449330848 -7.6013244597686409
0.21794069843029551 71.629347094257113 -7.5644319223326253
0.21894767628566211 71.547719088704596 -7.5275670636689416
0.21995930680300754 71.465757455520858 -7.4907301140050819
0.22097561147959027 71.383461219986899 -7.4539213052490743
0.22199661191199552 71.300829409906896 -7.4171408709975406
0.22302232979659378 71.217861055699245 -7.3803890465437147
0.22405278693000188 71.134555190488527 -7.3436660688854278
0.22508800520954619 71.050910850198846 -7.3069721767330513
0.22612800663372787 70.966927073648137 -7.2703076105173805
0.22717281330269057 70.88260290264374 -7.2336726123974495
0.22822244741868977 70.797937382079056 -7.1970674262683492
0.22927693128656493 70.712929560031554 -7.1604922977689318
0.23033628731421316 70.627578487861783 -7.1239474742895021
0.23140053801306534 70.54188322031365 -7.0874332049794369
0.23246970599856481 70.455842815615881 -7.0509497407547173
0.23354381399064797 70.369456335584758 -7.014497334305446
0.2346228848142263 70.282722845728017 -6.978076240103281
0.23570694139967283 70.195641415349868 -6.9416867144087604
0.23679600678330781 70.10821111765749 -6.9053290152786362
0.23789010410788941 70.020431029868547 -6.8690034025730711
0.23898925662310505 69.932300233319978 -6.8327101379627724
0.24009348768606523 69.843817813578198 -6.7964494849360984
0.24120282076180077 69.754982860550257 -6.7602217088059851
0.24231727942376 69.665794468596673 -6.7240270767169177
0.24343688735431107 69.576251736645105 -6.6878658576516994
0.2445616683452447 69.486353768305548 -6.6517383224381996
0.24569164629827908 69.396099671986846 -6.6156447437560129
0.24682684522556927 69.305488561014229 -6.5795853961429644
0.24796728925021594 69.214519553748545 -6.5435605560016237
0.2491130026067789 69.12319177370631 -6.5075705016055938
0.25026400964179202 69.031504349681512 -6.4716155131058049
0.25142033481427983 68.939456415868491 -6.4356958725366606
0.25258200269627856 68.847047111986029 -6.3998118638220571
0.25374903797335707 68.754275583403071 -6.3639637727813279
0.25492146544514238 68.661140981265476 -6.3281518871350402
0.25609931002584602 68.567642462624264 -6.2923764965107356
0.25728259674479342 68.473779190565224 -6.2566378924484729
0.25847135074695643 68.379550334339555 -6.220936368406309
0.25966559729348715 68.284955069496334 -6.1852722197655989
0.26086536176225483 68.189992578015875 -6.149645743836234
0.26207066964838532 68.094662048444704 -6.1140572398616939
0.26328154656480218 67.998962676031866 -6.078507009023995
0.26449801824277203 67.902893662866433 -6.0429953544484549
0.26572011053245059 67.806454218016469 -6.0075225812083817
0.26694784940343214 67.709643557669423 -5.9720889963295614
0.26818126094530165 67.612460905273736 -5.9366949087946077
0.26942037136818842 67.514905491681958 -5.9013406295472066
0.27066520700332419 67.416976555295079 -5.8660264714961041
0.2719157943036018 67.318673342208385 -5.8307527495190499
0.27317215984413767 67.219995106358553 -5.7955197804664857
0.27443433032283659 67.12094110967216 -5.760327883165127
0.2757023325609585 67.021510622215658 -5.7251773784213444
0.27697619350368913 66.921702922346597 -5.6900685890243539
0.27825594022071248 66.821517296866119 -5.6550018397492838
0.27954159990678568 66.720953041173175 -5.6199774573599912
0.28083319988231731 66.620009459419762 -5.5849957706117648
0.28213076759394728 66.518685864667702 -5.5500571102537624
0.28343433061513101 66.416981579046777 -5.5151618090313237
0.28474391664672472 66.314895933914144 -5.4803102016880221
0.28605955351757428 66.212428270015252 -5.4455026249675624
0.2873812691851067 66.109577937645966 -5.4107394176154529
0.28870909173592368 66.006344296816252 -5.3760209203804763
0.29004304938639924 65.902726717415007 -5.3413474760159154
0.29138317048327878 65.798724579376341 -5.3067194292806095
0.29272948350428168 65.69433727284725 -5.2721371269397315
0.29408201705870646 65.58956419835657 -5.2376009177654019
0.29544079988803823 65.48440476698535 -5.2031111525370237
0.2968058608665603 65.378858400538419 -5.1686681840413824
0.29817722900196725 65.272924531717422 -5.1342723670725334
0.29955493343598139 65.16660260429515 -5.0999240584314265
0.30093900344497215 65.059892073291181 -5.0656236169252784
0.30232946844057784 64.952792405148799 -5.0313714033667116
0.30372635797033121 64.845303077913243 -4.9971677805726102
0.30512970171828702 64.737423581411335 -4.9630131133627273
0.30653952950565272 64.629153417432278 -4.9289077685580214
0.30795587129142271 64.520492099909731 -4.8948521149787245
0.30937875717301389 64.411439155105398 -4.8608465234421363
0.31080821738690645 64.301994121793413 -4.8268913667601252
0.31224428230928569 64.192156551446615 -4.7929870197363504
0.31368698245668769 64.081926008423352 -4.7591338591631978
0.31513634848664801 63.97130207015617 -4.7253322638184097
0.3165924111983523 63.860284327341283 -4.691582614461435
0.31805520153329203 63.748872384129491 -4.6578852938294633
0.31952475057592122 63.637065858318131 -4.6242406866331107
0.32100108955431722 63.524864381544333 -4.5906491795518729
0.32248424984084428 63.412267599479371 -4.5571111612291917
0.32397426295281978 63.299275172024323 -4.5236270222672248
0.32547116055318487 63.185886773506567 -4.4901971552212716
0.32697497445117674 63.072102092877707 -4.4568219545938783
0.32848573660300445 62.957920833912468 -4.4235018168286082
0.33000347911252864 62.843342715408681 -4.3902371403034426
0.33152823423194255 62.728367471388417 -4.3570283253238751
0.33306003436245896 62.612994851300044 -4.3238757741155869
0.33459891205499737 62.497224620221481 -4.2907798908168386
0.33614490001087655 62.381056559064341 -4.2577410814704484
0.33769803108250918 62.2644904647792 -4.2247597540153867
0.33925833827409946 62.147526150561717 -4.1918363182780762
0.34082585474234528 62.030163446059753 -4.1589711859632201
0.34240061379714265 61.9124021975815 -4.1261647706442934
0.34398264890229252 61.79424226830448 -4.0934174877536478
0.345571993676214 61.675683538485288 -4.060729754572181
0.34716868189265621 61.556725905670497 -4.0281019902187021
0.34877274748141779 61.437369284908158 -3.9955346156387397
0.35038422452906764 61.317613608960173 -3.9630280535930882
0.35200314727966797 61.197458828515593 -3.9305827286458714
0.35362955013550434 61.07690491240438 -3.8981990671521594
0.35526346765781419 60.955951847812322 -3.8658774972452346
0.35690493456752304 60.834599640496286 -3.8336184488233647
0.35855398574598174 60.712848315000244 -3.8014223535361529
0.36021065623570708 60.590697914872187 -3.7692896447704878
0.3618749812411281 60.468148502881213 -3.7372207576360035
0.36354699612933206 60.345200161235681 -3.7052161289500867
0.36522673643081766 60.221852991801484 -3.6732761972224819
0.36691423784024946 60.098107116321231 -3.6414014026393646
0.36860953621721587 59.973962676633583 -3.609592187047018
0.37031266758699277 59.849419834893219 -3.5778489939349787
0.37202366814130683 59.724478773791276 -3.5461722684187564
0.37374257423910651 59.599139696775957 -3.5145624572220475
0.37546942240733377 59.473402828273649 -3.4830200086584751
0.37720424934169983 59.347268413910371 -3.4515453726128276
0.37894709190746684 59.220736720733235 -3.4201390005218055
0.38069798714022868 59.093808037432566 -3.3888013453543038
0.3824569722467 58.966482674563728 -3.3575328615911295
0.38422408460550617 58.838760964769435 -3.3263340052042594
0.38599936176797678 58.710643263002069 -3.2952052336355844
0.38778284145894582 58.582129946745951 -3.2641470057750799
0.38957456157755038 58.453221416239856 -3.2331597819385549
0.39137456019803851 58.323918094699195 -3.2022440238447696
0.39318287557057713 58.194220428538387 -3.1714001945920924
0.39499954612206439 58.064128887593036 -3.1406287586346138
0.39682461045694828 57.93364396534178 -3.1099301817576648
0.39865810735804413 57.802766179128227 -3.079304931052901
0.40050007578736124 57.671496070382304 -3.0487534748927159
0.40235055488692939 57.539834204841519 -3.0182762829041971
0.40420958397963069 57.407781172771756 -2.9878738259424993
0.4060772025700366 57.275337589187636 -2.9575465760636064
0.40795345034524516 57.142504094072478 -2.9272950064966468
0.40983836717572619 57.009281352597704 -2.8971195916155223
0.41173199311616804 56.87567005534158 -2.8670208069100269
0.41363436840632745 56.741670918507545 -2.8369991289564185
0.41554553347188761 56.607284684141447 -2.8070550353873323
0.41746552892531374 56.472512120348604 -2.777189004861202
0.4193943955667187 56.337354021509476 -2.7474015170310366
0.42133217438472897 56.201811208494846 -2.7176930525126366
0.42327890655735501 56.065884528880012 -2.6880640928522443
0.42523463345286827 55.929574857157782 -2.6585151204935338
0.42719939663067796 55.792883094950774 -2.629046618744078
0.42917323784221584 55.655810171222321 -2.5996590717411872
0.4311561990318229 55.518357042486272 -2.570352964417141
0.43314832233763995 55.380524693015687 -2.5411287824638471
0.43514965009250511 55.242314135050044 -2.51198701229684
0.43716022482485051 55.10372640900124 -2.4829281410187685
0.43918008925960872 54.964762583658008 -2.4539526563821585
0.44120928631911904 54.825423756388979 -2.4250610467516638
0.44324785912403969 54.685711053344122 -2.3962538010656624
0.44529585099426561 54.545625629654424 -2.3675314087972161
0.44735330544984658 54.405168669630143 -2.3388943599144811
0.44942026621191428 54.264341386957021 -2.3103431448404446
0.45149677720361031 54.123145024890704 -2.2818782544120646
0.4535828825510187 53.98158085644949 -2.2535001798388161
0.45567862658410646 53.839650184604551 -2.2252094126605582
0.45778405383766191 53.69735434246877 -2.1970064447048645
0.45989920905224396 53.554694693482887 -2.1688917680436601
0.46202413717513141 53.411672631599657 -2.1408658749492875
0.46415888336127781 53.268289581465837 -2.1129292578499319
0.4663034929742732 53.124546998601396 -2.0850824092844213
0.46845801158730482 52.98044636957691 -2.0573258218564496
0.47062248498412823 52.835989212187791 -2.0296599881881239
0.47279695916003917 52.691177075626349 -2.002085400872931
0.47498148032285009 52.546011540651115 -1.9746025524280841
0.47717609489387469 52.400494219753135 -1.9472119352462491
0.47938084950891108 52.254626757319883 -1.9199140415466598
0.48159579101923516 52.108410829795865 -1.892709363325618
0.48382096649259582 51.961848145840335 -1.8655983923063759
0.48605642321421344 51.814940446482282 -1.8385816198884601
0.48830220868778812 51.667689505271468 -1.8116595370962911
0.49055837063650493 51.520097128427281 -1.7848326345273171
0.49282495700405143 51.372165154983222 -1.7581014022994608
0.49510201595563524 51.223895456928823 -1.7314663299979951
0.49738959587900633 51.075289939347613 -1.7049279066218597
0.49968774538548849 50.926350540551475 -1.6784866205293048
0.50199651331100825 50.777079232211861 -1.6521429593830568
0.50431594871713603 50.627478019486617 -1.6258974100948007
0.50664610089212703 50.477548941143382 -1.599750458769144
0.50898701935196811 50.327294069679077 -1.5737025906470019
0.51133875384143268 50.176715511435205 -1.5477542900483632
0.5137013543351342 50.025815406709249 -1.5219060403145741
0.51607487103859084 49.874595929861847 -1.4961583237499838
0.51845935438929147 49.723059289419652 -1.4705116215630865
0.52085485505776608 49.571207728174144 -1.4449664138071117
0.52326142394866626 49.419043523275498 -1.4195231793200107
0.52567911220184227 49.266568986322632 -1.3941823956640307
0.52810797119343322 49.113786463448037 -1.3689445390646275
0.53054805253695758 48.960698335398327 -1.3438100843489362
0.53299940808440915 48.807307017610029 -1.3187795048837168
0.53546208992736088 48.65361496028018 -1.2938532725127581
0.53793615039807019 48.499624648432501 -1.2690318574938255
0.54042164207059162 48.345338601978185 -1.2443157284350885
0.54291861776189432 48.190759375771719 -1.2197053522310675
0.54542713053298353 48.035889559661662 -1.1952011939981271
0.54794723369002885 47.880731778535875 -1.1708037170094709
0.55047898078549717 47.725288692361701 -1.1465133826297007
0.55302242561929016 47.569562996220562 -1.122330650248929
0.55557762223988783 47.413557420337071 -1.0982559772164333
0.55814462494549655 47.257274730102644 -1.0742898187739176
0.56072348828520335 47.100717726093343 -1.0504326279883267
0.56331426706013554 46.943889244081959 -1.0266848556842467
0.56591701632462432 46.786792155044424 -1.0030469503759538
0.56853179138737553 46.629429365160178 -0.97951935819903013
0.57115864781264325 46.471803815806595 -0.95610252284164754
0.57379764142141343 46.313918483547326 -0.93279688547543438
0.57644882829258781 46.155776380114581 -0.9096028846860601
0.57911226476417588 45.99738055238511 -0.88652095640344064
0.58178800743449366 45.838734082349916 -0.86355153383162064
0.58447611316336356 45.679840087077814 -0.84069504737836775
0.58717663907332562 45.5207017186721 -0.81795192458444244
0.58988964255084975 45.361322164221221 -0.79532259005259565
0.59261518124755541 45.201704645742538 -0.77280746537630896
0.59535331308143713 45.041852420119589 -0.75040696906824655
0.59810409623809424 44.881768779032647 -0.72812151648850043
0.60086758917196881 44.721457048882471 -0.70595151977257686
0.60364385060758685 44.560920590707077 -0.68389738775919939
0.60643293954080624 44.400162800091927 -0.66195952591788443
0.60923491524007123 44.239187107072873 -0.64013833627636785
0.61204983724767015 44.077996976032196 -0.61843421734784187
0.61487776538100236 43.916595905587513 -0.59684756405805395
0.6177187597338496 43.754987428473513 -0.57537876767226503
0.62057288067765015 43.593175111416677 -0.55402821572210947
0.62344018886278652 43.431162555002352 -0.53279629193231559
0.62632074521986902 43.268953393535092 -0.51168337614740578
0.62921461096103459 43.106551294890998 -0.49068984425826512
0.63212184758124546 42.943959960363195 -0.46981606812872179
0.63504251685959656 42.781183124499449 -0.44906241552205184
0.6379766808606282 42.618224554932603 -0.42842925002750226
0.64092440193564548 42.45508805220323 -0.40791693098681608
0.64388574272404209 42.29177744957483 -0.38752581342077552
0.64686076615463273 42.128296612841332 -0.36725624795579392
0.6498495354469892 41.964649440127047 -0.34710858075057793
0.65285211411278476 41.800839861678767 -0.32708315342287575
0.65586856595714327 41.63687183965019 -0.30718030297630622
0.65889895507999519 41.472749367878691 -0.28740036172735306
0.66194334587743942 41.308476471654167 -0.26774365723245103
0.66500180304311207 41.144057207480166 -0.24821051221528415
0.66807439156956139 40.979495662826977 -0.22880124449423211
0.6711611767496285 40.814795955877265 -0.20951616691004926
0.67426222417783432 40.649962235263374 -0.19035558725374102
0.67737759975177525 40.484998679796966 -0.17131980819471557
0.68050736967352099 40.319909498190853 -0.15240912720918093
0.68365160045102391 40.154698928772611 -0.13362383650883389
0.68681035889953046 39.98937123919054 -0.11496422296988235
0.68998371214300203 39.823930726111534 -0.096430568062363567
0.69317172761554069 39.658381714911144 -0.078023147779846341
0.69637447306282263 39.49272855935552 -0.059742232569490947
0.69959201654353753 39.326975641275602 -0.041588087262519377
0.70282442643083509 39.161127370233295 -0.023560971005085651
0.70607177141377742 38.995188183179678 -0.0056611371896164381
0.70933412049879974 38.829162544105436 0.012111166613410896
0.71261154301117491 38.663054943683299 0.029755698723190525
0.71590410859648901 38.496869898902538 0.04727222341580322
0.71921188722211904 38.330611952695818 0.064660510990891235
0.72253494917872152 38.164285673557956 0.08192033783780657
0.72587336508172529 37.997895655157073 0.099051486501151961
0.72922720587283163 37.831446515937849 0.11605374574573166
0.73259654282152309 37.664942898717058 0.13292691062089784
0.7359814475265769 37.498389470271398 0.14967078252422614
0.7393819919175868 37.331790920917619 0.16628516926454104
0.74279824825649177 37.165151964085034 0.18276988512423953
0.74623028913911116 36.998477335880452 0.19912475092091819
0.7496781874966878 36.831771794645519 0.21534959406824408
0.7531420165974374 36.665040120506568 0.23144424863609164
0.75662185004810567 36.498287114917112 0.24740855540987136
0.76011776179553292 36.331517600192832 0.2632423619490773
0.7636298261282245 36.164736419039322 0.27894552264500083
0.76715811767793041 35.997948434072541 0.29451789877759044
0.77070271142123015 35.831158527332072 0.30995935857146084
0.77426368268112711 35.664371599787295 0.32526977725097456
0.77784110712864896 35.49759257083636 0.34044903709445118
0.78143506078445457 35.330826377798452 0.35549702748740575
0.78504562002045108 35.164077975398861 0.3704136449748453
0.78867286156141536 34.997352335247477 0.38519879331257451
0.79231686248662547 34.830654445310373 0.39985238351752084
0.79597770023149861 34.663989309374827 0.41437433391701034
0.79965545258923509 34.497361946507887 0.42876457019701719
0.80335019771247362 34.330777390508246 0.44302302544932093
0.80706201411495049 34.164240689352013 0.45714964021763865
0.81079098067316913 33.997756904632013 0.4711443625425692
0.81453717662807457 33.831331110991137 0.48500714800547168
0.8183006815867393 33.664968395549472 0.49873795977116975
0.82208157552405425 33.498673857325542 0.51233676862949773
0.82587993878442689 33.332452606651856 0.52580355303564463
0.82969585208349106 33.166309764584533 0.53913829914932465
0.8335293965098195 33.000250462307555 0.55234100087268501
0.83738065352664925 32.834279840531401 0.56541165988699316
0.84124970497361207 32.668403048886375 0.57835028568805025
0.84513663306847187 32.502625245310838 0.59115689562033602
0.84904152040887504 32.336951595434151 0.60383151490983555
0.85296444997410248 32.171387271954892 0.6163741766955716
0.85690550512683517 32.005937454014102 0.6287849220597953
0.86086476961492464 31.840607326563926 0.64106380005681962
0.86484232757317236 31.675402079731768 0.65321086774048642
0.86883826352511884 31.510326908179895 0.66522619019027152
0.87285266238483794 31.345387010461085 0.67710984053596235
0.87688560945874316 31.180587588369857 0.68886189998094927
0.88093719044739915 31.015933846290039 0.7004824578240626
0.88500749144734359 30.851430990538383 0.71197161147998778
0.88909659895291626 30.687084228704645 0.72332946649821306
0.89320459985809686 30.522898768988167 0.73455613658051155
0.89733158145835235 30.358879819531147 0.74565174359693398
0.90147763145249182 30.195032587748727 0.75661641760030596
0.90564283794452916 30.031362279656275 0.76745029683923005
0.90982728944555635 29.867874099193596 0.77815352776954194
0.91403107487562318 29.70457324754679 0.78872626506426657
0.91825428356562855 29.541464922467334 0.7991686716219919
0.92249700525921752 29.378554317589174 0.80948091857373883
0.92675933011468803 29.215846621743495 0.81966318528822757
0.93104134870690791 29.05334701827163 0.82971565937559089
0.93534315202923857 28.891060684336185 0.83963853668949739
0.93966483149546987 28.728992790230549 0.84943202132771156
0.94400647894176049 28.567148498687164 0.85909632563100791
0.94836818662859246 28.405532964184278 0.8686316701805421
0.95275004724272949 28.244151332251999 0.87803828379356186
0.95715215389918651 28.083008738777249 0.8873164035175245
0.96157460014321017 27.922110309308181 0.89646627462259465
0.96601747995226483 27.761461158358127 0.9054881505925052
0.97048088773803043 27.601066388709199 0.91438229311378594
0.97496491834840904 27.440931090715832 0.92314897206337232
0.97946966706953953 27.281060341608441 0.93178846549456529
0.98399522962782326 27.12145920479735 0.9403010596213407
0.98854170219195758 26.962132729177192 0.94868704880103549
0.99310918137497972 26.803085948432042 0.95694673551537635
0.99769776423632062 26.644323880341314 0.9650804303498649
1.0023075482838657 26.485851526086861 0.97308845197151639
1.0069386314760278 26.327673869561195 0.98097112710496781
1.0115911122238299 26.169795876677245 0.98872879050690166
1.016265089392995 26.012222494679758 0.99636178493888716
1.0209606623060468 25.854958651458517 1.0038704611385085
1.0256779307444222 25.698009254863578 1.0112551777889263
1.0304169949505884 25.541379192022855 1.0185163014867398
1.0351779556301766 25.385073328661946 1.0256542067082728
1.0399609139541199 25.229096508426757 1.0326692757741889
1.0447659715608044 25.073453552208818 1.0395618988125108
1.0495932305582278 24.918149257473697 1.0463324737200095
1.0544427935261691 24.763188397592597 1.0529814061220018
1.0593147635183702 24.608575721177271 1.0595091093305093
1.0642092440647244 24.454315951418675 1.0659160043008702
1.0691263391734764 24.300413785429242 1.072202519586718
1.0740661533334337 24.146873893589213 1.0783690912934147
1.0790287915161845 23.993700918897204 1.0844161630298828
1.0840143591783311 23.840899476324896 1.0903441858589189
1.0890229622637302 23.688474152176461 1.0961536182459091
1.0940547072057427 23.536429503452638 1.1018449260060432
1.0991097009294974 23.384770057219715 1.1074185822499865
1.1041880508541611 23.233500309983643 1.1128750673280383
1.109289864895223 23.082624727069284 1.1182148687727897
1.1144152514667878 22.93214774200527 1.123438481240286
1.1195643194838785 22.782073755914407 1.128546406449725
1.1247371783647522 22.63240713690989 1.1335391531216827
1.1299339380332225 22.483152219497583 1.1384172369149068
1.1351547089209992 22.334313303984235 1.1431811803616674
1.1403996019700329 22.18589465589227 1.1478315128016912
1.1456687286348717 22.037900505380943 1.1523687703147103
1.1509622008850326 21.890335046674103 1.156793495651635
1.1562801312073763 21.743202437494983 1.1611062381643229
1.1616226326085022 21.596506798507694 1.1653075537340589
1.166989818617147 21.450252212766134 1.1693980046986672
1.1723818032865994 21.304442725169974 1.1733781597783344
1.1777987011971196 21.159082341928315 1.177248594000132
1.1832406274583789 21.014175030030774 1.1810098886212892
1.1887076977119035 20.869724716726406 1.1846626310511974
1.1942000281335321 20.725735289010593 1.1882074147721986
1.1997177354358852 20.582210593119843 1.1916448392591648
1.2052609368708427 20.439154434034975 1.1949755098978971
1.2108297502320404 20.296570574992366 1.1982000379023645
1.2164242938573682 20.154462737003996 1.2013190402307912
1.2220446866314882 20.012834598385787 1.2043331395006465
1.22769104798836 19.871689794294838 1.2072429639025286
1.2333634979137764 19.731031916275569 1.2100491471129733
1.2390621569479165 19.590864511814665 1.212752328206256
1.2447871461879065 19.451191083905176 1.2153531515651161
1.2505385872903909 19.31201509061998 1.2178522667905336
1.256316602474121 19.173339944694366 1.2202503286105197
1.2621213145225478 19.035169013118232 1.2225479967879507
1.2679528467864349 18.897505616737664 1.2247459360275028
1.2738113231864787 18.760353029866277 1.2268448158816918
1.2796968682159411 18.623714479906283 1.228845310656042
1.2856096069432961 18.487593146979332 1.2307480993134017
1.2915496650148843 18.351992163567473 1.2325538653774752
1.2975171686575877 18.216914614163844 1.2342632968355611
1.3035122446815093 18.082363534933744 1.2358770860405193
1.3095350204826672 17.948341913385757 1.2373959296120238
1.3155856240457047 17.814852688053151 1.2388205283371108
1.3216641839466055 17.681898748185706 1.2401515870700452
1.32777082935543 17.549482933451827 1.2413898146315678
1.3339056900390589 17.417608033651195 1.242535923707484
1.3400688963639502 17.286276788437984 1.2435906307467146
1.3462605792989106 17.155491887054627 1.2445546558587495
1.3524808704178757 17.025255968076355 1.2454287227105818
1.3587299019027101 16.895571619166176 1.2462135584231662
1.3650078065460141 16.766441376840906 1.2469098934673744
1.3713147177539451 16.637867726247809 1.2475184615595136
1.3776507695490545 16.509853100952121 1.2480399995564599
1.3840160965731318 16.382399882735513 1.2484752473503822
1.3904108340900707 16.255510401405257 1.2488249477631186
1.3968351179887399 16.129186934614594 1.2490898464402469
1.4032890847858728 16.003431707693785 1.2492706917448233
1.4097728716289673 15.878246893492324 1.2493682346509214
1.4162866162991992 15.753634612232098 1.2493832286368638
1.4228304572143531 15.629596931371415 1.2493164295783077
1.4294045334317613 15.506135865480228 1.2491685956411225
1.4360089846512603 15.383253376126246 1.2489404871741432
1.4426439512181584 15.260951371772084 1.2486328666018067
1.4493095741262167 15.139231707683466 1.2482464983166743
1.4560059950206496 15.018096185848339 1.2477821485719518
1.4627333562011302 14.897546554907031 1.2472405853739359
1.4694918006248168 14.777584510093401 1.2466225783744911
1.4762814719093906 14.658211693186868 1.2459288987635497
1.4831025143361047 14.539429692475492 1.2451603191616736
1.4899550728528548 14.421240042729782 1.2443176135127172
1.4968392930772558 14.303644225187558 1.2434015569765946
1.5037553212997379 14.186643667549513 1.2424129258222123
1.5107033044866551 14.070239743985672 1.241352497320573
1.5176833902834057 13.954433775152602 1.2402210496380719
1.5246957270175741 13.839227028221261 1.2390193617300613
1.5317404637020802 13.724620716915545 1.2377482132346482
1.5388177500383458 13.610616001561548 1.2364083843667839
1.5459277364194781 13.497213989147191 1.2350006558126954
1.5530705739334605 13.384415733392638 1.233525808624641
1.5602464143663692 13.272222234830766 1.2319846241160344
1.5674554102055953 13.160634440898342 1.230377883757007
1.5746977146430872 13.049653246037343 1.2287063690703488
1.5819734815786008 12.939279491806584 1.2269708615279193
1.5892828656229785 12.829513967003354 1.2251721424475674
1.5966260221014261 12.720357407795351 1.2233109928905099
1.6040031070568201 12.611810497862388 1.2213881935592665
1.6114142772530202 12.503873868548167 1.2194045246961625
1.6188596901781986 12.396548099021853 1.2173607659823777
1.6263395040481925 12.289833716449237 1.2152576964376347
1.6338538778098615 12.18373119617374 1.2130960943205016
1.6414029711444666 12.078240961906788 1.2108767370293319
1.6489869444710652 11.973363385927719 1.2086004010039475
1.6566059589499147 11.869098789293048 1.2062678616279179
1.664260176485904 11.765447442054837 1.2038798931316812
1.6719497597319894 11.6624095634883 1.2014372684962966
1.6796748720926535 11.559985322328394 1.1989407593580637
1.687435677727376 11.45817483701529 1.196391135913875
1.6952323415541211 11.35697817594869 1.1937891668273852
1.7030650292528446 11.256395357750673 1.1911356191360409
1.7109339072690146 11.156426351537249 1.1884312581589322
1.7188391428171459 11.057071077198209 1.1856768474055372
1.7267809038843565 10.958329405685408 1.1828731484853496
1.7347593592339321 10.860201159309067 1.1800209210184274
1.7427746784089193 10.7626861120422 1.177120922546866
1.7508270317357244 10.665783989832958 1.1741739084472118
1.7589165903277331 10.569494470924743 1.1711806318438724
1.767043526088947 10.47381718618395 1.1681418435234761
1.7752080117176354 10.378751719435254 1.1650582918502681
1.7834102207100084 10.284297607804186 1.16193072268249
1.7916503273639011 10.190454342067031 1.1587598792898255
1.7999285067824766 10.09722136700778 1.1555465022718696
1.8082449348779521 10.004598081781985 1.1522913294776898
1.816599788375328 9.9125838402875122 1.1489950959264592
1.824993244816153 9.8211779515418254 1.1456585337291509
1.83342548256229 9.7303796800658731 1.1422823720114061
1.8418966807997113 9.6401882462742901 1.1388673368374682
1.8504070195423026 9.5506028268718204 1.1354141511352691
1.8589566796356876 9.4616225552558273 1.1319235346226715
1.8675458427610763 9.3732465219246031 1.1283962037348649
1.8761746914391209 9.2854737748915763 1.1248328715529148
1.8848434090337958 9.1983033201050297 1.1212342477335293
1.8935521797562958 9.1117341218732761 1.1176010384399802
1.9023011886689454 9.0257651032951589 1.1139339462742401
1.9110906216891381 8.9403951466956268 1.1102336702103413
1.9199206655932841 8.8556230940663365 1.1065009055289232
1.9287915080207783 8.7714477475110701 1.1027363437530664
1.9377033374779895 8.6878678696957987 1.0989406725852808
1.9466563433422626 8.604882184303289 1.0951145758458034
1.9556507158659495 8.5224893764919827 1.0912587334121204
1.9646866461804458 8.4406880933591282 1.0873738211597521
1.9737643263002558 8.3594769444079606 1.0834605109042934
1.9828839491270716 8.2788545020186763 1.0795194703447208
1.9920457084538707 8.1988193019232138 1.0755513630079954
2.0012497989690372 8.1193698436835131 1.0715568481949085
2.0104964162604984 8.0405045911731872 1.0675365809272381
2.0197857568198789 7.9622219730624675 1.0634912118961795
2.0291180180466784 7.8845203833062349 1.0594213874120642
2.0384933982524638 7.8073981816349027 1.0553277493553572
2.0479120966650859 7.7308536940481059 1.0512109351289849
2.0573743134329128 7.6548852133110312 1.0470715776119119
2.0668802496290835 7.5794909994531432 1.042910305114046
2.0764301072557751 7.5046692802692547 1.038727741332427
2.0860240892485042 7.4304182518226538 1.034524505308716
2.0956623994804335 7.3567360789503606 1.0303012113879777
2.1053452427667052 7.2836208957700483 1.0260584691787595
2.1150728248687964 7.2110708061887241 1.0217968835144795
2.1248453524988835 7.139083884413016 1.0175170544160803
2.1346630333242449 7.0676581754606378 1.0132195770560117
2.144526075971668 6.9967916956732417 1.0089050417234531
2.1544346900318838 6.9264824332303006 1.0045740337908893
2.164389086064022 6.8567283486638635 1.0002271336818962
2.1743894756000803 6.7875273753741858 0.99586491684027367
2.1844360711494279 6.718877420145855 0.99148795370039711
2.194529086203314 6.650776363664562 0.98709680965888313
2.2046687352394092 6.5832220610340828 0.9826920450475034
2.214855233726361 6.5162123422935201 0.9782742151073528
2.22508879812837 6.4497450129346312 0.97384386996429495
2.2353696459097958 6.3838178544190027 0.96940155460563882
2.2456979955397744 6.3184286246950458 0.96494780885806608
2.2560740664968608 6.2535750587146506 0.9604831673667944
2.2664980792736946 6.1892548689493232 0.9560081595759734
2.2769702553816806 6.1254657459057285 0.9515233097102993
2.2874908173557036 6.0622053586404565 0.94702913675784695
2.2980599887588515 5.999471355273867 0.94252615445410404
2.3086779941871689 5.9372613635030129 0.93801487126720728
2.3193450592744291 5.8755729911133203 0.93349579038437036
2.3300614106969251 5.8144038264891256 0.92896940969949204
2.3408272761782936 5.7537514391226434 0.92443622180191187
2.3516428844943489 5.6936133801216045 0.9198967139663865
2.3625084654779469 5.633987182715158 0.91535136814414408
2.3734242500238683 5.5748703627580749 0.91080066095512091
2.3843904700937211 5.5162604192330571 0.90624506368133839
2.3954073587208788 5.458154834751074 0.90168504226137081
2.4064751500154244 5.4005510760496405 0.89712105728593294
2.4175940791691302 5.3434465944888299 0.89255356399458197
2.4287643824604523 5.2868388265450825 0.88798301227346721
2.4399862972595505 5.2307251943025221 0.8834098466541952
2.4512600620333393 5.1751031059417594 0.87883450631373905
2.4625859163505472 5.1199699562261287 0.87425742507539062
2.4739641008868136 5.0653231269851462 0.86967903141075342
2.4853948574298004 5.0111599875952475 0.8650997484427726
2.4968784288843273 4.9574778954574974 0.86051999394976331
2.5084150592775405 4.9042741964723913 0.85594018037044672
2.5200049937640925 4.8515462255115249 0.85136071480995867
2.5316484786313547 4.7992913068860954 0.84678199904685414
2.54334576130465 4.7475067548121395 0.84220442954103736
2.5550970903525076 4.6961898738723891 0.83762839744267126
2.5669027154919513 4.6453379594747606 0.8330542886019815
2.5787628875938013 4.5949482983072469 0.8284824835800263
2.5906778586880082 4.5450181687892925 0.82391335766031282
2.6026478819690064 4.4955448415194521 0.81934728086133801
2.6146732118010925 4.4465255797193945 0.81478461794999935
2.6267541037238376 4.3979576396739191 0.81022572845585672
2.6388908144575107 4.3498382711673322 0.80567096668623239
2.6510836019085384 4.3021647179156837 0.80112068174217255
2.6633327251749828 4.2549342179951068 0.796575217535191
2.675638444552046 4.2081440042660452 0.79203491280481308
2.6880010215376067 4.1617913047933479 0.7875001011369348
2.7004207188377736 4.1158733432621952 0.78297111098292493
2.7128978003724664 4.0703873393897849 0.77844826567949754
2.7254325312810295 4.0253305093326626 0.77393188346930764
2.7380251779278586 3.9807000660898475 0.76942227752229597
2.7506760079080665 3.9364932199013842 0.76491975595772133
2.7633852900531704 3.8927071786425804 0.7604246218668963
2.7761532944368015 3.8493391482137254 0.75593717333660249
2.7889802923804417 3.8063863329252499 0.75145770347316687
2.801866556459196 3.7638459358783498 0.7469865004271955
2.8148123605075801 3.7217151593410263 0.74252384741892552
2.8278179796253418 3.6799912051194088 0.73807002276419753
2.840883690183305 3.6386712749244823 0.73362529990105008
2.8540097698292395 3.5977525707340701 0.72918994741687648
2.8671964974937705 3.5572322951500461 0.72476422907615567
2.8804441533962972 3.5171076517508917 0.72034840384876864
2.8937530190509513 3.4773758454393282 0.71594272593881303
2.9071233772725789 3.4380340827852209 0.7115474448139828
2.9205555121827471 3.399079572363652 0.70716280523543096
2.9340497092157878 3.3605095250880757 0.70278904728814129
2.9476062551248576 3.3223211545386575 0.69842640641178355
2.9612254379880349 3.2845116772857197 0.69407511343202832
2.9749075472144413 3.247078313208247 0.68973539459231392
2.988652873550385 3.2100182858075481 0.68540747158605453
3.0024617090855497 3.1733288225158947 0.68109156158926198
3.0163343472591961 3.1370071550003349 0.67678787729357948
3.0302710828663968 3.1010505194614826 0.6724966269397149
3.0442722120643033 3.065456156927417 0.66821801435123007
3.0583380323784342 3.0302213135426248 0.66395223896872824
3.0724688427090041 2.9953432408519576 0.65969949588434496
3.0866649433372735 2.9608191960796963 0.65545997587663152
3.1009266359319274 2.9266464424036478 0.65123386544569806
3.1152542235554885 2.8928222492242526 0.64702134684870893
3.1296480106707527 2.8593438924288752 0.64282259813566667
3.1441083031472652 2.8262086546510119 0.63863779318544311
3.1586354082678181 2.7934138255247114 0.63446710174211507
3.1732296347349767 2.7609567019339973 0.63031068945152602
3.1878912926776466 2.7288345882574214 0.62616871789811857
3.2026206936576527 2.6970447966077518 0.62204134464194993
3.2174181506763726 2.6655846470667326 0.61792872325595671
3.2322839781813797 2.6344514679150395 0.61383100336340202
3.2472184920731295 2.6036425958573477 0.60974833067552558
3.2622220097116705 2.5731553762426156 0.60568084702934111
3.2772948499233845 2.5429871632795771 0.60162869042563194
3.2924373330077694 2.5131353202473843 0.5975919950670735
3.3076497807442413 2.4835972197015406 0.59357089139650077
3.3229325163989722 2.4543702436751089 0.58956550613528946
3.3382858647317613 2.4254517838751579 0.58557596232189146
3.3537101520029311 2.3968392418745825 0.5816023793504167
3.369205705980268 2.368530029299202 0.57764487300936318
3.384772855945982 2.3405215680102796 0.57370355552036667
3.4004119327037072 2.3128112902823705 0.56977853557708713
3.4161232685855292 2.2853966389767062 0.56586991838409573
3.4319071974590449 2.2582750677099273 0.56197780569584421
3.4477640547344648 2.2314440410183312 0.55810229585564619
3.4636941773717331 2.2049010345177114 0.55424348383471655
3.4796979038876925 2.1786435350586384 0.55040146127118161
3.4957755743632761 2.1526690408774529 0.54657631650915861
3.5119275304507305 2.1269750617427534 0.54276813463775475
3.5281541153808837 2.1015591190976721 0.53897699753012474
3.5444556739704347 2.0764187461977555 0.53520298388244159
3.5608325526292783 2.0515514882445949 0.53144616925289445
3.5772850993678742 2.0269549025153104 0.5277066261006006
3.5938136638046281 2.0026265584877323 0.52398442382448129
3.6104185971733385 1.978564037961499 0.52027962880208389
3.627100252330647 1.9547649351750849 0.51659230442832571
3.6438589837635456 1.9312268569186308 0.51292251115417775
3.6606951475969027 1.9079474226428943 0.50927030652521876
3.6776091016010333 1.8849242645641469 0.50563574522017596
3.6946012051993029 1.8621550277651087 0.50201887908927789
3.7116718194757659 1.8396373702920661 0.49841975719255188
3.728821307182836 1.8173689632480274 0.4948384258379962
3.7460500327489936 1.7953474908821823 0.49127492861961358
3.7633583622865356 1.7735706506754951 0.48772930645532975
3.7807466635993503 1.7520361534226381 0.48420159762476456
3.7982153061907349 1.7307417233102298 0.48069183780685204
3.8157646612712512 1.7096850979914324 0.47720006011733668
3.8333951017666021 1.6888640286569985 0.47372629514607356
3.851107002325572 1.6682762801027176 0.47027057099419339
3.8689007393279762 1.6479196307934445 0.46683291331108207
3.8867766908926664 1.6277918729236069 0.46341334533119477
3.9047352368855623 1.6078908124743498 0.46001188791065839
3.9227767589277205 1.5882142692673504 0.45662855956373521
3.9409016404034509 1.5687600770152765 0.45326337649905268
3.9591102664684596 1.5495260833690048 0.44991635265564489
3.9774030240580354 1.5305101499616409 0.44658749973879691
3.9957803018952727 1.511710152449353 0.44327682725566825
4.0142424904993224 1.4931239805490939 0.43998434255072144
4.0327899821937079 1.4747495380732725 0.43671005084090597
4.0514231711146484 1.4565847429613616 0.4334539552506454
4.0701424532194377 1.4386275273085813 0.43021605684657899
4.0889482262948631 1.4208758373915844 0.42699635467207614
4.1078408899656482 1.4033276336913494 0.42379484578151011
4.1268208457029552 1.3859808909131563 0.42061152527432083
4.1458884968329119 1.3688335980038389 0.4174463863287961
4.1650442485451844 1.3518837581662551 0.41429942023561744
4.1842885079015835 1.3351293888710969 0.41117061643116937
4.2036216838447142 1.3185685218660332 0.40805996253059768
4.2230441872066748 1.3021992031822667 0.40496744436057086
4.2425564307177783 1.2860194931385303 0.40189304599183523
4.2621588290153243 1.2700274663426065 0.39883674977148059
4.2818517986524141 1.2542212116903371 0.39579853635493001
4.3016357581067961 1.2385988323622825 0.39277838473768822
4.3215111277897647 1.2231584458179641 0.38977627228680178
4.341478330055093 1.2078981837878298 0.38679217477206229
4.3615377892080041 1.1928161922629019 0.38382606639690076
4.3816899315141935 1.1779106314822174 0.38087791982906083
4.4019351852088757 1.1631796759181188 0.37794770623092927
4.4222739805059001 1.1486215142593419 0.37503539528965008
4.4427067496068835 1.1342343493920368 0.37214095524689816
4.4632339267103953 1.1200163983787752 0.36926435292841386
4.4838559480211897 1.1059658924354834 0.36640555377323841
4.5045732517594592 1.0920810769064868 0.36356452186263566
4.5253862781701706 1.0783602112375563 0.36074121994877484
4.5462954695324012 1.0648015689471526 0.35793560948309133
4.5673012701687457 1.051403437595799 0.35514765064436582
4.5884041264547601 1.038164118753661 0.35237730236650716
4.6096044868284345 1.0250819279663965 0.34962452236607083
4.6309028017997402 1.0121551947192875 0.34688926716944724
4.6522995239601901 0.99938226239969907 0.34417149213978032
4.6737951079924622 0.9867614882579443 0.3414711515035892
4.695390010680061 0.97429124336650086 0.33878819837710006
4.7170846909170177 0.96196991257778885 0.33612258479227025
4.7388796097176549 0.94979589448031732 0.33347426172254874
4.7607752302263693 0.93776760135346737 0.33084317910829536
4.7827720177274839 0.92588345912080183 0.32822928588195738
4.8048704396551321 0.91414190730199407 0.32563252999291681
4.827070965603184 0.9025413989634079 0.32305285843205545
4.849374067335237 0.89108040066737604 0.32049021725604976
4.8717802187946315 0.87975739242019324 0.31794455161130736
4.8942898961145325 0.86857086761886571 0.31541580575769823
4.9169035776280303 0.8575193329966696 0.31290392309191878
4.9396217438783223 0.84660130856755766 0.31040884617062409
4.9624448776289176 0.83581532756939991 0.30793051673320987
4.9853734638738949 0.82515993640615282 0.30546887572436499
5.0084079898482141 0.81463369458898305 0.3030238633162754
5.0315489450380548 0.80423517467632466 0.30059541893060482
5.0547968211912417 0.79396296221298046 0.29818348126012167
5.0781521123276745 0.7838156556682454 0.29578798829008568
5.1016153147498349 0.77379186637310959 0.29340887731933385
5.1251869270533339 0.76389021845655869 0.29104608498108225
5.1488674501374962 0.75410934878105385 0.28869954726343644
5.1726573872160202 0.74444790687708329 0.28636919952964035
5.1965572438276606 0.73490455487704998 0.28405497653802048
5.2205675278469759 0.72547796744827631 0.28175681246167639
5.2446887494951202 0.71616683172531403 0.27947464090786273
5.268921421350675 0.70696984724156497 0.27720839493712185
5.2932660583605626 0.69788572586018005 0.27495800708213713
5.3177231778509704 0.68891319170434095 0.27272340936628586
5.342293299538353 0.68005098108689133 0.27050453332196905
5.3669769455404772 0.67129784243938928 0.26830131000860702
5.3917746403875038 0.66265253624060871 0.26611367003043551
5.4166869110331533 0.65411383494445718 0.26394154355398408
5.4417142868658921 0.64568052290740452 0.2617848603253024
5.4668572997201821 0.6373513963154227 0.25964354968693798
5.4921164838877905 0.62912526311046901 0.25751754059463766
5.5174923761291277 0.62100094291651919 0.2554067616337779
5.5429855156846699 0.61297726696517074 0.25331114103557767
5.5685964442864124 0.6050530780209068 0.25123060669299468
5.5943257061693794 0.59722723030594549 0.24916508617643979
5.6201738480831898 0.5894985894247714 0.24711450674916133
5.646141419303671 0.58186603228834055 0.24507879538244876
5.6722289716445449 0.57432844703801111 0.24305787877054186
5.69843705946914 0.56688473296914688 0.241051683345303
5.7247662397021797 0.55953380045452794 0.23906013529067319
5.7512170718416149 0.55227457086748999 0.23708316055684439
5.7777901179705049 0.54510597650487791 0.23512068487420432
5.804485942768979 0.5380269605097866 0.23317263376707989
5.8313051135262235 0.53103647679413535 0.23123893256716713
5.8582482001525369 0.52413348996112175 0.22931950642683832
5.8853157751914518 0.51731697522748821 0.22741428033207975
5.9125084138318789 0.51058591834574019 0.22552317911533465
5.9398266939203577 0.50393931552620597 0.22364612746801651
5.9672711959733142 0.4973761733590692 0.22178304995286624
5.9948425031894104 0.49089550873631105 0.21993387101603562
6.0225412014619293 0.48449634877363412 0.21809851499898344
6.0503678793912226 0.47817773073233244 0.21627690615014736
6.0783231282972316 0.47193870194118964 0.21446896863637371
6.1064075422320405 0.46577831971834777 0.21267462655418226
6.1346217179925073 0.45969565129321205 0.21089380394075916
6.162966255132944 0.45368977372842118 0.20912642478479476
6.1914417559778459 0.44775977384180998 0.20737241303707665
6.2200488256347128 0.44190474812850605 0.20563169262089956
6.2487880720068922 0.43612380268305528 0.20390418744225597
6.2776601058065014 0.43041605312168091 0.2021898213998328
6.3066655405674066 0.42478062450462672 0.20048851839482545
6.3358049926582529 0.41921665125863533 0.19880020234052431
6.3650790812955726 0.41372327709955586 0.19712479717172543
6.394488428556941 0.40829965495509607 0.19546222685396344
6.4240336593941914 0.40294494688775084 0.19381241539251093
6.4537154016467033 0.39765832401787826 0.1921752868412499
6.4835342860547245 0.39243896644698073 0.19055076531130119
6.5134909462728041 0.38728606318116854 0.18893877497951958
6.5435860188832331 0.38219881205481393 0.18733924009676234
6.5738201434095904 0.37717641965446747 0.18575208499602336
6.6041939623303074 0.37221810124294458 0.18417723410035805
6.6347081210923484 0.36732308068369129 0.18261461193065806
6.6653632681249144 0.36249059036535825 0.18106414311322763
6.6961600548532196 0.35771987112668135 0.17952575238721782
6.7270991357123426 0.35301017218154962 0.1779993646118771
6.7581811681611121 0.34836075104444253 0.17648490477364961
6.78940681269611 0.34377087345606061 0.17498229799308915
6.8207767328656868 0.33923981330928676 0.17349146953163483
6.8522915952840631 0.33476685257546818 0.17201234479821542
6.8839520696455008 0.33035128123094593 0.17054484935569389
6.915758828738527 0.32599239718394163 0.16908890892718159
6.9477125484602382 0.32168950620175357 0.16764444940216364
6.9798139078306614 0.31744192183827374 0.16621139684250252
7.012063589007183 0.31324896536185043 0.16478967748828532
7.0444622772990417 0.30910996568347499 0.16337921776352318
7.077010661181891 0.30502425928532684 0.16197994428169984
7.1097094323124361 0.30099119014967379 0.16059178385119896
7.1425592855431272 0.29701010968811375 0.15921466348056204
7.1755609189369256 0.29308037667121867 0.15784851038364994
7.2087150337821404 0.28920135715847878 0.15649325198461575
7.2420223346073165 0.28537242442871397 0.15514881592278587
7.2754835291962294 0.28159295891078101 0.15381513005740755
7.3090993286029127 0.27786234811470373 0.15249212247222282
7.3428704471667627 0.27417998656320114 0.15117972147998376
7.3767976025277369 0.27054527572358272 0.14987785562676983
7.410881515641571 0.26695762394005335 0.14858645369624393
7.4451229107951411 0.26341644636643025 0.14730544471373666
7.4795225156218228 0.25992116489923633 0.14603475795025073
7.5140810611169666 0.25647120811121926 0.14477432292629808
7.5487992816534373 0.25306601118530253 0.14352406941569906
7.5836779149971916 0.24970501584890395 0.14228392744916882
7.6187177023229964 0.24638767030870951 0.14105382731787067
7.6539193882301495 0.2431134291858589 0.13983369957681735
7.6892837207583105 0.23988175345154147 0.13862347504818043
7.7248114514034052 0.23669211036303703 0.13742308482447574
7.7605033351335724 0.23354397340016694 0.13623246027166983
7.796360130405235 0.23043682220219366 0.13505153303214745
7.8323825991791978 0.22737014250513118 0.13388023502761703
7.86857150693685 0.22434342607950611 0.13271849846186501
7.9049276226964258 0.22135617066855218 0.13156625582347539
7.9414517190293417 0.21840787992682936 0.13042343988838623
7.9781445720766273 0.21549806335930904 0.12928998372240932
8.0150069615654065 0.21262623626086097 0.12816582068360774
8.052039670825474 0.20979191965621552 0.12705088442461163
8.0892434868059446 0.20699464024034711 0.12594510889483773
8.1266192000919482 0.20423393031931833 0.12484842834259902
8.1641676049214684 0.20150932775154898 0.12376077731717539
8.2018894992022044 0.19882037588954588 0.12268209067074026
8.2397856845285169 0.19616662352206232 0.12161230356023649
8.2778569661984776 0.19354762481672072 0.12055135144916906
8.3161041532309632 0.19096293926306895 0.1194991701093093
8.3545280583828685 0.18841213161608278 0.11845569562231928
8.3931294981663651 0.18589477184013342 0.11742086438129551
8.4319092928662585 0.18341043505335108 0.11639461309224242
8.4708682665574084 0.18095870147251192 0.11537687877547816
8.5100072471222479 0.1785391563583073 0.11436759876693624
8.5493270662683809 0.17615138996106763 0.11336671071942786
8.5888285595462506 0.17379499746696905 0.11237415260381915
8.6285125663668918 0.17146957894464579 0.11138986271012546
8.6683799300197801 0.16917473929225538 0.11041377964857176
8.7084314976907251 0.16691008818500933 0.10944584235054745
8.7486681204799108 0.16467524002310771 0.10848599006951409
8.7890906534199562 0.1624698138801578 0.10753416238186443
8.8296999554940943 0.16029343345200459 0.10659029918767163
8.8704968896544081 0.15814572700600815 0.10565434071143003
8.9114823228402038 0.15602632733076707 0.1047262275027032
8.9526571259963976 0.15393487168626643 0.10380590043671586
8.9940221740920467 0.15187100175448401 0.10289330071489138
9.0355783461389318 0.14983436359041832 0.10198836986533882
9.0773265252102302 0.14782460757352894 0.10109104974327256
9.1192675984593006 0.14584138835966462 0.10020128253138688
9.161402457138518 0.14388436483336908 0.099319010740167218
9.2037319966182221 0.14195320006063908 0.098444177208150907
9.2462571164057454 0.14004756124211853 0.097576725102147238
9.2889787201645042 0.13816711966670797 0.096716597917399574
9.3318977157332412 0.13631155066559575 0.095863739477695553
9.3750150151452871 0.13448053356671635 0.095018093935425152
9.4183315346479528 0.13267375164963705 0.09417960577161151
9.4618481947220037 0.13089089210086557 0.093348219795872822
9.5055659201011977 0.12913164596954929 0.092523881146353085
9.5494856397919694 0.12739570812363138 0.091706535289610785
9.5936082870931436 0.12568277720638221 0.090896128020436617
9.6379347996157883 0.12399255559336496 0.090092605461688208
9.6824661193031254 0.12232474934981891 0.089295914064010148
9.7272031924505438 0.12067906818840557 0.088506000605576868
9.7721469697257266 0.11905522542743427 0.08772281219175157
9.8172984061888382 0.11745293794941225 0.086946296254741345
9.8626584613128223 0.11587192616005422 0.086176400553191299
9.9082280990037983 0.11431191394766528 0.085413073171748191
9.9540082876215248 0.11277262864291841 0.084656262520596021
10.000000000000002 0.11125380097904804 0.083905917334953228
