1 -90.408822680235758 13.364776380284862
1.0069386314760276 -90.411663612795351 13.304805232342044
1.0139254075588149 -90.414524346975483 13.244835323400414
1.0209606623060468 -90.417405022050119 13.184866670737806
1.0280447320933093 -90.420305778298982 13.124899291873339
1.0351779556301761 -90.423226757015499 13.064933204570799
1.0423606739764018 -90.426168100514587 13.004968426842037
1.0495932305582274 -90.429129952140684 12.945004976950484
1.0568759711848041 -90.432112456275732 12.885042873414649
1.0642092440647244 -90.435115758347294 12.8250821350117
1.0715933998226712 -90.438140004836725 12.765122780781104
1.079028791516184 -90.441185343287401 12.705164830028259
1.086515774652538 -90.444251922313143 12.645208302328271
1.0940547072057427 -90.447339891606518 12.58525321752969
1.1016459496336566 -90.450449401947381 12.525299595758391
1.1092898648952227 -90.453580605211414 12.4653474574214
1.1169868184678231 -90.456733654378837 12.405396823210898
1.1247371783647515 -90.459908703543093 12.345447714108165
1.1325413151528116 -90.463105907919626 12.285500151387662
1.1403996019700329 -90.466325423854869 12.225554156621149
1.1483124145435111 -90.469567408835204 12.165609751681835
1.1562801312073758 -90.472832021495933 12.1056669587486
1.1643031329208764 -90.476119421630585 12.045725800310318
1.1723818032865987 -90.479429770200099 11.985786299170156
1.1805165285688051 -90.482763229342112 11.925848478450026
1.1887076977119033 -90.486119962380442 11.865912361595033
1.1969557023590434 -90.489500133834653 11.805977972378017
1.2052609368708422 -90.492903909429572 11.746045334904151
1.2136237983442408 -90.496331456104997 11.686114473615605
1.2220446866314882 -90.499782942025661 11.626185413296286
1.2305240043592616 -90.503258536590934 11.566258179076602
1.2390621569479161 -90.506758410444874 11.506332796438377
1.2476595526308694 -90.51028273548647 11.446409291219743
1.2563166024741206 -90.513831684879634 11.386487689620159
1.2650337203959034 -90.517405433063644 11.326568018205482
1.2738113231864785 -90.521004155763492 11.266650303913131
1.2826498305280605 -90.524628030000429 11.206734574057272
1.2915496650148837 -90.528277234102575 11.146820856334138
1.3005112521734088 -90.531951947715584 11.086909178827387
1.3095350204826672 -90.535652351813596 11.026999570013558
1.3186214013947486 -90.539378628710097 10.967092058767566
1.3277708293554296 -90.543130962069014 10.907186674368329
1.3369837418249462 -90.546909536915862 10.847283446504431
1.34626057929891 -90.550714539649093 10.787382405279894
1.3556017853293685 -90.554546158051394 10.727483581220001
1.3650078065460141 -90.558404581301431 10.667587005277243
1.3744790926775374 -90.562289999985154 10.607692708837305
1.3840160965731314 -90.566202606107922 10.547800723725187
1.3936192742241422 -90.570142593106183 10.487911082211349
1.4032890847858728 -90.574110155859529 10.42802381701801
1.4130259905995339 -90.578105490702939 10.368138961325492
1.4228304572143526 -90.582128795438891 10.308256548778671
1.432702953409831 -90.586180269349953 10.248376613493505
1.4426439512181577 -90.590260113211215 10.188499190063695
1.4526539259467808 -90.594368529302997 10.12862431356738
1.4627333562011302 -90.598505721423635 10.068752019573976
1.4728827239075024 -90.602671894902485 10.008882344151095
1.4831025143361043 -90.606867256613043 9.9490153238715582
1.493393216124252 -90.61109201498607 9.8891509958205308
1.5037553212997379 -90.615346380023098 9.8292893976027038
1.5141893253043524 -90.619630563309869 9.7694305673496658
1.5246957270175738 -90.62394477803015 9.7095745437272978
1.5352750287804227 -90.628289238979448 9.6497213659433072
1.5459277364194772 -90.632664162579005 9.5898710737548978
1.5566543592710615 -90.637069766890022 9.5300237074764773
1.5674554102055953 -90.641506271627946 9.4701793079875465
1.5783314056521174 -90.645973898176877 9.4103379167406782
1.5892828656229778 -90.650472869604258 9.3504995757695628
1.6003103137387007 -90.655003410675718 9.2906643276972662
1.6114142772530196 -90.659565747869891 9.2308322157445115
1.6225952870780875 -90.66416010939372 9.1710032837381181
1.633853877809861 -90.668786725197734 9.1111775761195979
1.6451905877536623 -90.673445826991426 9.0513551379537809
1.656605958949914 -90.678137648259124 8.9915360149376813
1.6681005372000588 -90.682862424275612 8.9317202534093774
1.6796748720926535 -90.687620392122426 8.8719079003571082
1.6913295170296476 -90.692411790703886 8.8120990034284574
1.7030650292528442 -90.697236860763638 8.7522936109396614
1.7148819698705395 -90.702095844901166 8.6924917718850789
1.7267809038843553 -90.70698898758873 8.6326935359467782
1.7387624002162509 -90.71191653518828 8.5728989535042643
1.7508270317357244 -90.716878735968749 8.513108075644368
1.7629753752872057 -90.721875840123417 8.4533209541712289
1.7752080117176345 -90.726908099787622 8.393537641616474
1.7875255259042349 -90.731975769056518 8.3337581912494922
1.7999285067824766 -90.737079104003257 8.2739826570879274
1.812417547374237 -90.742218362697216 8.2142110939082364
1.8249932448161521 -90.747393805222501 8.1544435572564655
1.8376562003881707 -90.752605693696736 8.0946801034591545
1.8504070195423015 -90.75785429229002 8.0349207896343984
1.8632463119315601 -90.763139867244135 7.9751656737030761
1.8761746914391209 -90.76846268689205 7.9154148144002452
1.8891927762076663 -90.773823021677515 7.8556682712866728
1.9023011886689443 -90.779221144175168 7.7959261047605759
1.9155005555735274 -90.784657329110559 7.7361883760694949
1.9287915080207783 -90.790131853380728 7.6764551473223586
1.9421746814890259 -90.795644996074884 7.6167264815017353
1.9556507158659489 -90.801197038495388 7.5570024424762128
1.969220255479172 -90.806788264178991 7.4972830950130058
1.9828839491270707 -90.812418958918428 7.4375685047907405
1.9966424501097937 -90.818089410784125 7.3778587384123986
2.0104964162604984 -90.823799910146363 7.3181538634184671
2.0244465099768036 -90.829550749697631 7.258453948300283
2.0384933982524629 -90.835342224475298 7.1987590625135605
2.0526377527092521 -90.841174631884613 7.1390692764921164
2.0668802496290826 -90.847048271721931 7.0793846616618126
2.0812215699863383 -90.852963446198402 7.0197052904546631
2.0956623994804331 -90.858920459963684 6.9600312363231938
2.1102034285685956 -90.864919620130394 6.9003625737549736
2.1248453524988826 -90.870961236298484 6.8406993782873791
2.1395888713434221 -90.877045620580191 6.7810417265225666
2.1544346900318838 -90.883173087625252 6.7213896961426558
2.1693835183851844 -90.889343954646449 6.6617433659251546
2.1844360711494271 -90.89555854144551 6.6021028157585864
2.1995930680300741 -90.901817170439458 6.5424681266583677
2.2148552337263601 -90.908120166687112 6.4828393807828917
2.2302232979659378 -90.914467857916165 6.4232166614498905
2.2456979955397744 -90.920860574550545 6.3636000531529762
2.2612800663372785 -90.927298649738177 6.3039896415784771
2.2769702553816797 -90.933782419379114 6.2443855136225066
2.2927693128656492 -90.940312222154077 6.1847877574082579
2.3086779941871689 -90.946888399553416 6.1251964623035935
2.324697059985648 -90.953511295906424 6.0656117189388583
2.3408272761782931 -90.960181258411197 6.0060336192249721
2.3570694139967276 -90.966898637164746 5.946462256371789
2.3734242500238665 -90.973663785193679 5.8868977249067314
2.3898925662310493 -90.980477058485263 5.8273401206936581
2.4064751500154244 -90.987338816018976 5.7677895409520801
2.4231727942375993 -90.994249419798408 5.7082460842766238
2.4399862972595501 -91.001209234883873 5.6487098506567346
2.4569164629827904 -91.008218629425144 5.5891809414967835
2.4739641008868136 -91.015277974695039 5.5296594596363553
2.4911300260677889 -91.022387645123189 5.4701455093709246
2.5084150592775396 -91.029548018330587 5.4106391964727738
2.5258200269627844 -91.036759475164331 5.3511406282122742
2.5433457613046491 -91.044022399733322 5.2916499133794472
2.5609931002584587 -91.051337179443991 5.2321671623058537
2.5787628875938009 -91.058704205036946 5.1726924868868247
2.596655972934871 -91.066123870624011 5.1132260006040058
2.6146732118010916 -91.073596573725965 5.0537678185482475
2.6328154656480209 -91.08112271531057 4.9943180574428228
2.6510836019085384 -91.088702699831501 4.9348768356670147
2.6694784940343208 -91.096336935267729 4.8754442732800385
2.6880010215376062 -91.104025833163476 4.8160204920453156
2.706652070033241 -91.111769808668896 4.7566056154551362
2.7254325312810286 -91.11956928058126 4.6971997687556728
2.7443433032283644 -91.127424671386933 4.637803078972369
2.7633852900531704 -91.135336407303882 4.5784156749357114
2.7825594022071241 -91.14330491832493 4.5190376873074047
2.8018665564591956 -91.151330638261626 4.4596692486068994
2.821307675939472 -91.159414004788914 4.4003104932383845
2.8408836901833032 -91.167555459490416 4.3409615575181109
2.8605955351757424 -91.175755447904479 4.2816225797021801
2.8804441533962968 -91.184014419570971 4.2222937000147454
2.9004304938639915 -91.19233282807879 4.1629750606766205
2.9205555121827462 -91.200711131114261 4.1036668059343313
2.9408201705870627 -91.209149790510082 4.044369082089621
2.9612254379880345 -91.217649272295347 3.9850820375293634
2.9817722900196721 -91.226210046746189 3.9258058227559949
3.0024617090855492 -91.234832588437328 3.8665405904183356
3.0232946844057773 -91.24351737629452 3.8072864953429444
3.0442722120643015 -91.252264893647748 3.7480436945658973
3.0653952950565273 -91.261075628285411 3.6888123473650825
3.086664943337273 -91.269950072509303 3.6295926152930087
3.1080821738690636 -91.278888723190718 3.5703846622100461
3.1296480106707514 -91.287892081827238 3.5111886543182469
3.151363484866478 -91.296960654600653 3.4520047601956492
3.1732296347349767 -91.306094952435814 3.3928331508310996
3.1952475057592116 -91.31529549106051 3.3336739996596529
3.2174181506763708 -91.324562791066299 3.274527482598466
3.2397426295281972 -91.333897377970445 3.2153937780832731
3.2622220097116692 -91.343299782278848 3.1562730671054129
3.2848573660300442 -91.352770539550207 3.097165533249449
3.3076497807442404 -91.362310190461173 3.0380713627313347
3.3306003436245883 -91.371919280872604 2.9789907444371955
3.3537101520029302 -91.381598361897034 2.919923869962711
3.3769803108250902 -91.391347989967372 2.8608709336531035
3.4004119327037072 -91.401168726906747 2.8018321326437428
3.4240061379714244 -91.411061139999561 2.7428076669013888
3.4477640547344639 -91.421025802063838 2.6837977392660832
3.4716868189265613 -91.431063291524893 2.6248025554936794
3.4957755743632739 -91.441174192490209 2.5658223242990643
3.5200314727966799 -91.451359094825776 2.506857257400005
3.5444556739704347 -91.461618594233755 2.447907569561758
3.5690493456752295 -91.471953292331406 2.3889734786423191
3.5938136638046276 -91.482363796731732 2.3300552056383865
3.6187498124112794 -91.492850721125336 2.2711529747320967
3.6438589837635456 -91.503414685363836 2.2122670133384394
3.6691423784024932 -91.514056315544863 2.1533975521534798
3.6946012051993025 -91.524776244098618 2.0945448252032755
3.7202366814130676 -91.535575109875879 2.0357090698936209
3.7460500327489914 -91.546453558237772 1.9768905270605748
3.7720424934169978 -91.55741224114729 1.9180894410217642
3.7982153061907349 -91.568451817262243 1.8593060596285478
3.824569722466999 -91.579572952030148 1.800540634318947
3.8511070023255707 -91.590776317784872 1.7417934201715071
3.8778284145894562 -91.602062593845105 1.683064675959947
3.9047352368855606 -91.613432466614526 1.6243546642087143
3.9318287557057685 -91.624886629684113 1.5656636512494497
3.9591102664684583 -91.636425783936232 1.5069919072783309
3.9865810735804401 -91.648050637650698 1.4483397064143388
4.0142424904993224 -91.659761906613099 1.3897073267584998
4.0420958397963069 -91.671560314224806 1.3310950504540584
4.0701424532194377 -91.68344659161545 1.2725031637476132
4.0983836717572615 -91.695421477757435 1.2139319570512825
4.1268208457029534 -91.707485719582621 1.1553817250058447
4.1554553347188747 -91.719640072101413 1.0968527665449415
4.1842885079015817 -91.731885298524048 1.0383453849602902
4.2133217438472883 -91.744222170384319 0.97985988796799262
4.2425564307177765 -91.756651467665762 0.92139658777593358
4.2719939663067787 -91.76917397893024 0.86295580115222736
4.3016357581067943 -91.78179050144918 0.80453784949491414
4.3314832233763996 -91.794501841337365 0.74614305890263966
4.3615377892080041 -91.80730881368936 0.68777176024665387
4.3918008925960859 -91.820212242718711 0.62942428924392202
4.4222739805058993 -91.833212961899989 0.57110098653142682
4.452958509942655 -91.846311814113548 0.51280219774179192
4.483855948021187 -91.859509651793388 0.45452827358009301
4.5149677720361003 -91.872807337077859 0.39627956990196012
4.5462954695324012 -91.886205741963565 0.33805644779302202
4.5778405383766181 -91.899705748462225 0.2798592736496322
4.6096044868284336 -91.913308248761041 0.22168841926099905
4.6415888336127784 -91.927014145386053 0.16354426189266286
4.6737951079924622 -91.940824351369059 0.1054271843713971
4.7062248498412824 -91.954739790417918 0.047337575171548428
4.7388796097176531 -91.968761397090404 -0.010724171497182926
4.7717609489387458 -91.982890116971703 -0.068757655600433412
4.8048704396551303 -91.997126906855556 -0.12676247118838607
4.8382096649259552 -92.011472734929342 -0.18473820630341389
4.8717802187946315 -92.025928580962827 -0.24268444288612365
4.9055837063650483 -92.040495436501146 -0.30060075667982539
4.9396217438783205 -92.055174305061712 -0.35848671713334546
4.973895958790064 -92.069966202335394 -0.41634188730215244
5.0084079898482106 -92.084872156391953 -0.47416582374779742
5.0431594871713594 -92.099893207889863 -0.53195807643559279
5.0781521123276727 -92.115030410290714 -0.58971818863053105
5.1133875384143259 -92.130284830078097 -0.64744569679139363
5.1488674501374936 -92.145657546981425 -0.70514013046299517
5.1845935438929116 -92.161149654204408 -0.76280101216656016
5.2205675278469759 -92.176762258658627 -0.82042785728818812
5.2567911220184218 -92.192496481202198 -0.87802017396531928
5.2932660583605609 -92.208353456883614 -0.93557746297124122
5.3299940808440898 -92.224334335191031 -0.99309921759753261
5.3669769455404746 -92.240440280306998 -1.050584923534438
5.4042164207059162 -92.256672471368844 -1.108034058749102
5.4417142868658903 -92.273032102734888 -1.1654460933616462
5.4794723369002867 -92.289520384256519 -1.2228204895190331
5.5174923761291259 -92.306138541556464 -1.2801567012666599
5.555776222398876 -92.322887816313198 -1.3374541744176758
5.5943257061693794 -92.339769466551829 -1.3947123464199014
5.6331426706013543 -92.356784766941615 -1.4519306462203803
5.6722289716445431 -92.373935009100109 -1.5091084941274775
5.7115864781264314 -92.391221501904241 -1.5662453016704485
5.7512170718416114 -92.408645571808677 -1.6233404714564643
5.7911226476417594 -92.426208563171301 -1.6803933970250391
5.8313051135262208 -92.443911838586274 -1.737403462699763
5.8717663907332556 -92.461756779224729 -1.7943700434373457
5.912508413831878 -92.479744785183428 -1.8512925046738351
5.9535331308143684 -92.497877275841475 -1.9081702021680274
5.9948425031894104 -92.516155690225432 -1.9650024818419707
6.036438506075867 -92.534581487382837 -2.0217886796184792
6.0783231282972299 -92.553156146764735 -2.0785281212556428
6.1204983724766997 -92.571881168616898 -2.1352201221782274
6.1629662551329405 -92.590758074380744 -2.1918639873058998
6.2057288067765013 -92.609788407103395 -2.2484590108782614
6.2487880720068922 -92.628973731857656 -2.3050044762765194
6.2921461096103437 -92.648315636172129 -2.3614996558418082
6.3358049926582511 -92.66781573047156 -2.4179438106900633
6.3797668086062806 -92.68747564852778 -2.4743361905233536
6.4240336593941914 -92.707297047921642 -2.5306760334376044
6.4686076615463257 -92.727281610516101 -2.5869625657266293
6.5134909462728023 -92.74743104294086 -2.6431950016823857
6.5586856595714327 -92.767747077088913 -2.6993725433913887
6.604193962330303 -92.788231470625135 -2.7554943805271268
6.6500180304311192 -92.808886007507581 -2.8115596901385191
6.6961600548532196 -92.829712498521545 -2.8675676364341625
6.7426222417783421 -92.850712781826914 -2.9235173705623922
6.7894068126961091 -92.871888723519248 -2.9794080303870278
6.8365160045102371 -92.893242218204733 -3.0352387402586549
6.8839520696454981 -92.914775189589704 -3.0910086107814454
6.9317172761554051 -92.936489591084964 -3.1467167385752552
6.9798139078306605 -92.958387406425359 -3.2023622060330674
7.0282442643083485 -92.980470650305207 -3.2579440810735272
7.0770106611818884 -93.002741369029707 -3.3134614168885244
7.1261154301117475 -93.025201641183344 -3.3689132516856946
7.1755609189369256 -93.047853578315056 -3.4242986084256919
7.2253494917872141 -93.070699325641471 -3.4796164945541732
7.2754835291962285 -93.09374106276799 -3.5348659017282595
7.3259654282152296 -93.116981004428922 -3.5900458055374371
7.3767976025277324 -93.140421401246684 -3.6451551652187479
7.4279824825649161 -93.164064540511049 -3.7001929233660702
7.4795225156218201 -93.187912746978768 -3.7551580056334073
7.5314201659743718 -93.211968383694398 -3.810049320432026
7.5836779149971907 -93.236233852832783 -3.8648657586212458
7.6362982612822439 -93.26071159656415 -3.9196061931928057
7.6892837207583105 -93.285404097942006 -3.9742694789485702
7.7426368268112702 -93.310313881815162 -4.0288544521714407
7.7963601304052323 -93.335443515764155 -4.0833599302893155
7.8504562002045084 -93.360795611063097 -4.1377847115318929
7.9049276226964214 -93.386372823667458 -4.1921275745801561
7.9597770023149836 -93.412177855229075 -4.2463872782083598
8.0150069615654047 -93.438213454138676 -4.3005625609182854
8.0706201411495027 -93.464482416597292 -4.3546521405656344
8.1266192000919446 -93.490987587717086 -4.4086547139782954
8.1830068158673921 -93.517731862652795 -4.4625689565663063
8.2397856845285169 -93.544718187764687 -4.5163935219233036
8.2969585208349095 -93.571949561813994 -4.5701270414191884
8.3545280583828667 -93.599429037191967 -4.6237681237838295
8.4124970497361176 -93.627159721183531 -4.6773153546815873
8.4708682665574031 -93.655144777266798 -4.730767296276305
8.529644499741023 -93.683387426449599 -4.7841224867866519
8.5888285595462506 -93.711890948643997 -4.8373794400314578
8.6484232757317212 -93.740658684080501 -4.8905366449648531
8.7084314976907233 -93.769694034762963 -4.9435925652008539
8.7688560945874272 -93.799000465965435 -4.9965456385271434
8.8296999554940889 -93.828581507772896 -5.0493942764078605
8.8909659895291604 -93.858440756666582 -5.1021368634748434
8.9526571259963958 -93.888581877156327 -5.1547717570072988
9.0147763145249176 -93.919008603460441 -5.2072972863993998
9.0773265252102266 -93.94972474123594 -5.2597117526155062
9.1403107487562298 -93.980734169359721 -5.3120134276327224
9.2037319966182221 -94.012040841763366 -5.3642005538703499
9.2675933011468778 -94.043648789322788 -5.4162713436059935
9.3318977157332377 -94.075562121805021 -5.4682239783778019
9.396648314954696 -94.107785029873881 -5.5200566083725446
9.4618481947220001 -94.140321787156836 -5.5717673517990995
9.5275004724272918 -94.173176752375028 -5.6233542942469548
9.5936082870931418 -94.206354371538666 -5.6748154880292212
9.660174799522645 -94.239859180210516 -5.7261489515098241
9.727203192450542 -94.273695805839395 -5.7773526684142995
9.7946966706953926 -94.30786897016641 -5.8284245871238278
9.8626584613128223 -94.342383491706755 -5.8793626199519258
9.931091813749795 -94.377244288309669 -5.9301646424033274
10 -94.412456379799153 -5.9808284924145774
10.069386314760276 -94.448024890699003 -6.0313519695756508
10.139254075588154 -94.483955053044667 -6.0817328343322448
10.209606623060465 -94.52025220928563 -6.1319688071679508
10.280447320933092 -94.556921815281243 -6.1820575677658933
10.351779556301762 -94.593969443394101 -6.2319967541490442
10.423606739764017 -94.631400785683951 -6.2817839617987081
10.495932305582278 -94.669221657206435 -6.3314167427504566
10.56875971184804 -94.707437999420705 -6.3808926046667773
10.642092440647239 -94.746055883709516 -6.430209009885834
10.71593399822671 -94.785081515016856 -6.4793633744454908
10.790287915161841 -94.824521235607023 -6.5283530670818779
10.865157746525384 -94.864381528950517 -6.5771754082017502
10.940547072057424 -94.904669023740951 -6.6258276688277427
11.016459496336562 -94.945390498048923 -6.6743070695157298
11.092898648952227 -94.986552883617591 -6.7226107792433485
11.169868184678231 -95.028163270306081 -6.7707359142688439
11.24737178364752 -95.070228910686382 -6.8186795369592668
11.325413151528114 -95.112757224799878 -6.8664386545869709
11.403996019700324 -95.155755805080275 -6.9140102180935328
11.483124145435111 -95.199232421449182 -6.9613911208198758
11.562801312073759 -95.243195026591991 -7.0085781972016505
11.643031329208767 -95.287651761420975 -7.0555682214286639
11.72381803286599 -95.332610960733533 -7.1023579060671489
11.80516528568805 -95.378081159073929 -7.1489439006437454
11.887076977119033 -95.424071096806628 -7.1953227901898504
11.969557023590433 -95.470589726410338 -7.2414910937450232
12.052609368708426 -95.517646219002202 -7.2874452628181663
12.136237983442411 -95.565249971101707 -7.3331816798049054
12.22044686631488 -95.613410611644738 -7.3786966563598861
12.305240043592615 -95.66213800925857 -7.4239864317222972
12.390621569479162 -95.711442279808821 -7.4690471709931288
12.476595526308698 -95.761333794230751 -7.5138749633624755
12.563166024741209 -95.811823186656639 -7.5584658202851855
12.65033720395903 -95.862921362853214 -7.6028156736030716
12.738113231864784 -95.914639508981935 -7.6469203736118425
12.826498305280607 -95.966989100697276 -7.6907756870707953
12.915496650148839 -96.019981912597729 -7.7343772951533269
13.005112521734089 -96.073630028045955 -7.7777207913361597
13.095350204826669 -96.1279458493742 -7.8208016792250774
13.186214013947485 -96.182942108493208 -7.8636153703150375
13.277708293554298 -96.238631877922927 -7.9061571816821736
13.369837418249466 -96.295028582264607 -7.9484223336053912
13.462605792989104 -96.352146010134859 -7.9904059471149553
13.556017853293682 -96.409998326583334 -8.0321030414654508
13.650078065460139 -96.468600086017005 -8.0735085315304218
13.744790926775373 -96.527966245654838 -8.1146172251157296
13.840160965731314 -96.588112179538541 -8.1554238201888349
13.936192742241426 -96.649053693126035 -8.1959229020207474
14.032890847858724 -96.710807038495801 -8.2361089402375693
14.130259905995336 -96.773388930191999 -8.2759762857781833
14.228304572143527 -96.836816561741941 -8.3155191677546654
14.32702953409831 -96.90110762287884 -8.3547316902117998
14.426439512181579 -96.966280317505266 -8.3936078287818763
14.526539259467803 -97.032353382434209 -8.4321414272308886
14.6273335620113 -97.099346106947138 -8.4703261938920047
14.728827239075025 -97.167278353210179 -8.508155697982053
14.831025143361042 -97.236170577593029 -8.5456233657966099
14.933932161242524 -97.306043852936099 -8.5827224767790309
15.037553212997375 -97.376919891815902 -8.6194461594586027
15.14189325304352 -97.448821070860376 -8.6557873872528504
15.246957270175738 -97.521770456169293 -8.6917389741286755
15.352750287804225 -97.595791829898488 -8.7272935701170002
15.459277364194776 -97.670909718069822 -8.7624436566751172
15.566543592710619 -97.747149419672652 -8.7971815418909465
15.674554102055948 -97.824537037126802 -8.8314993555229613
15.783314056521172 -97.903099508180958 -8.8653890438694543
15.89282865622978 -97.98286463932547 -8.8988423644603341
16.003103137387008 -98.063861140803112 -8.9318508805646868
16.114142772530197 -98.146118663306794 -8.9644059555067024
16.225952870780873 -98.229667836458802 -8.9964987467825104
16.338538778098609 -98.31454030917223 -9.0281201999701093
16.451905877536625 -98.400768792001685 -9.059261042424108
16.566059589499144 -98.488387101597368 -9.0899117767469733
16.681005372000591 -98.577430207383927 -9.1200626740277979
16.79674872092653 -98.667934280593869 -9.1497037668394974
16.913295170296479 -98.759936745793127 -9.1788248419848912
17.030650292528442 -98.853476335046579 -9.2074154329817492
17.148819698705399 -98.948593144880348 -9.2354648122765255
17.267809038843559 -99.045328696208941 -9.2629619831761172
17.387624002162504 -99.143725997406349 -9.2898956714865655
17.508270317357244 -99.243829610712979 -9.3162543168473011
17.629753752872055 -99.345685722183006 -9.3420260637489374
17.752080117176352 -99.449342215391525 -9.36719875222248
17.875255259042355 -99.554848749136241 -9.3917599081871472
17.999285067824765 -99.662256839384412 -9.4156967334437827
18.124175473742365 -99.771619945735054 -9.4389960953003182
18.249932448161523 -99.882993562683936 -9.4616445158153937
18.376562003881713 -99.996435316001694 -9.4836281606458623
18.504070195423019 -100.1120050645565 -9.5049328274835965
18.632463119315595 -100.2297650079381 -9.5255439340664569
18.761746914391203 -100.34977980026602 -9.545446505748318
18.891927762076662 -100.47211667059334 -9.5646251626124652
19.023011886689449 -100.59684555034887 -9.5830641061125625
19.155005555735279 -100.72403920829355 -9.6007471052253717
19.287915080207778 -100.85377339350374 -9.617657482099002
19.421746814890252 -100.98612698693329 -9.6337780971808264
19.556507158659493 -101.12118216214954 -9.6490913338090092
19.692202554791724 -101.25902455588417 -9.6635790822519834
19.828839491270713 -101.39974344909143 -9.6772227231806109
19.966424501097933 -101.5434319592604 -9.6900031105582141
20.104964162604979 -101.69018724478818 -9.7019005539345446
20.244465099768039 -101.84011072228559 -9.7128948001307496
20.384933982524629 -101.99330829775857 -9.7229650143036874
20.526377527092521 -102.1498906126846 -9.7320897603797079
20.66880249629083 -102.30997330608821 -9.7402469808499212
20.812215699863383 -102.47367729381159 -9.7474139759217007
20.956623994804328 -102.64112906627544 -9.7535673820241335
21.102034285685953 -102.81246100613534 -9.7586831496689275
21.248453524988829 -102.98781172735755 -9.7627365206727372
21.395888713434225 -103.16732643736847 -9.7657020047522902
21.544346900318832 -103.35115732407439 -9.7675533555100174
21.693835183851842 -103.53946396970383 -9.7682635458354952
21.844360711494271 -103.73241379359418 -9.7678047427568995
21.995930680300749 -103.93018252623131 -9.7661482817873679
22.148552337263602 -104.13295471705362 -9.7632646408233743
22.302232979659376 -104.34092427875511 -9.759123413667
22.456979955397738 -104.55429507106564 -9.7536932832609917
22.612800663372784 -104.7732815272532 -9.7469419947456384
22.769702553816799 -104.99810932688551 -9.7388363284699402
22.9276931286565 -105.22901611870749 -9.7293420731170031
23.086779941871683 -105.46625229784061 -9.7184239991357515
23.246970599856478 -105.71008184189344 -9.7060458327085541
23.408272761782928 -105.96078321099004 -9.6921702305281094
23.570694139967276 -106.21865031718103 -9.6767587557081303
23.734242500238672 -106.48399356920021 -9.6597718552121208
23.898925662310489 -106.75714099907496 -9.6411688392540018
24.064751500154241 -107.0384394776915 -9.6209078632058596
24.231727942375993 -107.32825602706136 -9.5989459126428205
24.3998629725955 -107.62697923773663 -9.5752387922658322
24.56916462982791 -107.93502080058028 -9.5497411195721931
24.73964100886813 -108.25281716291745 -9.5224063242948382
24.911300260677884 -108.58083131997766 -9.4931866548070243
25.084150592775398 -108.91955475348165 -9.4620331928950492
25.258200269627842 -109.26950953023703 -9.428895878541443
25.433457613046492 -109.63125057467352 -9.3937235466417075
25.609931002584577 -110.0053681303698 -9.3564639779049124
25.787628875938005 -110.39249042678914 -9.3170639665713892
25.966559729348713 -110.7932865686321 -9.2754694080272415
26.146732118010917 -111.20846966641342 -9.2316254099175943
26.328154656480212 -111.63880022804013 -9.1854764309698247
26.510836019085374 -112.08508983226781 -9.1369664524494407
26.694784940343204 -112.54820510588148 -9.086039188001374
26.880010215376061 -113.02907202720247 -9.0326383385972537
27.066520700332411 -113.52868057896183 -8.9767079004364767
27.254325312810291 -114.04808977355425 -8.9181925349605642
27.443433032283654 -114.58843307301612 -8.8570380116637573
27.6338529005317 -115.15092422451093 -8.7931917361487475
27.82559402207124 -115.73686352934467 -8.7266033779184831
28.018665564591952 -116.34764455916991 -8.6572256147481763
28.213076759394717 -116.984761326559 -8.5850150131827903
28.408836901833041 -117.64981590787656 -8.5099330677892517
28.605955351757416 -118.34452650353273 -8.4319474252917921
28.804441533962962 -119.07073590321518 -8.3510333236546579
29.004304938639912 -119.83042030026999 -8.2671752805577388
29.205555121827462 -120.62569836843413 -8.1803690705180969
29.408201705870635 -121.4588404736287 -8.0906240350874068
29.612254379880341 -122.33227784112418 -7.9979657759849569
29.817722900196717 -123.24861143122978 -7.9024392865061168
30.024617090855489 -124.2106201914107 -7.8041125817526291
30.232946844057778 -125.22126824561187 -7.7030808926698295
30.442722120643026 -126.28371044840355 -7.5994714918227162
30.653952950565266 -127.40129556809055 -7.4934492192640549
30.866649433372729 -128.57756616511676 -7.3852227733122158
31.080821738690638 -129.81625399693721 -7.2750518216251683
31.29648010670752 -131.12126950708924 -7.1632549700787465
31.513634848664793 -132.49668364731872 -7.050218597370363
31.732296347349759 -133.94669994633836 -6.9364065179527179
31.952475057592117 -135.47561439558405 -6.8223703701288558
32.174181506763716 -137.08776040331514 -6.7087605347096684
32.397426295281974 -138.78743582435393 -6.5963372674091305
32.622220097116696 -140.57880897830267 -6.4859815710436157
32.848573660300438 -142.46580072706436 -6.3787051401728343
33.076497807442408 -144.45194022514121 -6.2756584846578978
33.306003436245888 -146.54019303994988 -6.1781360914702956
33.537101520029303 -148.73276212867083 -6.0875772395861949
33.769803108250912 -151.03086479294672 -6.0055608799666365
34.00411932703706 -153.43449227602392 -5.9337928878815926
34.240061379714241 -155.94216303224675 -5.874084060330893
34.477640547344642 -158.55068556746409 -5.8283175468739872
34.716868189265611 -161.25495150023983 -5.7984050385440389
34.957755743632745 -164.04778318706917 -5.7862320323911067
35.200314727966791 -166.91986171132655 -5.793593807660951
35.444556739704339 -169.85975905814672 -5.8221252682417957
35.690493456752293 -172.85409202536994 -5.8732292951268974
35.938136638046274 -175.88780474787035 -5.9480094020409995
36.187498124112807 -178.94457261671599 -6.0472129710274434
36.43858983763544 -182.00730497273793 -6.1711909170249601
36.69142378402492 -185.05871015239663 -6.3198782237343991
36.946012051993023 -188.08187722698264 -6.492797575193114
37.202366814130677 -191.06082623854297 -6.6890856641330219
37.460500327489925 -193.98098350239687 -6.9075391959119363
37.720424934169991 -196.82954948685531 -7.146675608761484
37.98215306190734 -199.59574141226244 -7.4048024222212208
38.245697224669989 -202.27090799318177 -7.6800889984962604
38.511070023255705 -204.84852695548085 -7.9706352242834724
38.778284145894574 -207.3241053142429 -8.2745329115230479
39.04735236885562 -209.69500728044378 -8.5899172441866529
39.31828755705768 -211.96023545802075 -8.9150070744360193
39.591102664684584 -214.120188707643 -9.2481340972989585
39.865810735804409 -216.1764159130955 -9.5877618145884824
40.14242490499322 -218.13138001209151 -9.9324957293449874
40.420958397963076 -219.98824188983204 -10.281086441450849
40.701424532194366 -221.75066960227451 -10.632427319194507
40.983836717572615 -223.42267513460371 -10.985548279237326
41.268208457029537 -225.00847854010925 -11.339606986427903
41.554553347188751 -226.51239775174744 -11.693878536189834
41.842885079015822 -227.9387614608556 -12.047744439690193
42.133217438472869 -229.29184205026553 -12.400681515205038
42.425564307177773 -230.57580550238575 -12.752251106868664
42.719939663067784 -231.79467535341917 -13.10208890604717
43.01635758106795 -232.95230803902862 -13.449895538439897
43.314832233764008 -234.05237730775849 -13.795427997126247
43.615377892080033 -235.09836572198134 -14.138491942905931
43.918008925960862 -236.09356159466634 -14.478934853330244
44.222739805058993 -237.04106000874583 -14.816639976270229
44.529585099426555 -237.94376682748569 -15.151521028931343
44.838559480211885 -238.80440482758294 -15.483517575867456
45.149677720360991 -239.62552127346316 -15.812591017424291
45.462954695323994 -240.40949640484479 -16.138721121381632
45.778405383766184 -241.15855243424451 -16.461903034068179
46.096044868284331 -241.87476275099385 -16.782144711967014
46.415888336127793 -242.5600611075709 -17.099464720164001
46.737951079924613 -243.21625062628956 -17.413890349484671
47.062248498412814 -243.84501251280133 -17.725456009533442
47.388796097176531 -244.44791440015922 -18.034201859919744
47.717609489387456 -245.02641827562678 -18.340172646635342
48.048704396551315 -245.58188796383376 -18.643416714789854
48.382096649259545 -246.11559615580035 -18.943985172710118
48.717802187946305 -246.62873098497809 -19.241931185776185
49.055837063650479 -247.1224021597649 -19.537309381327706
49.396217438783204 -247.59764666771105 -19.830175348564147
49.738959587900652 -248.05543407044726 -20.120585219614252
50.084079898482123 -248.49667141071546 -20.408595319902904
50.431594871713585 -248.92220775413753 -20.694261877630673
50.781521123276733 -249.33283838880376 -20.977640783635767
51.133875384143259 -249.72930870562629 -21.258787394159373
51.488674501374952 -250.11231778185424 -21.537756370111058
51.845935438929125 -250.48252168931234 -21.814601547353124
52.205675278469748 -250.84053654791023 -22.089375833314506
52.567911220184214 -251.18694134384063 -22.362131125922485
52.93266058360561 -251.52228053070098 -22.632918251421504
53.299940808440901 -251.84706643057592 -22.90178691814566
53.669769455404754 -252.16178145093122 -23.168785683737227
54.042164207059145 -252.46688013201725 -23.433961933667909
54.4171428686589 -252.76279103837507 -23.697361869232058
54.794723369002867 -253.04991850698869 -23.959030503447536
55.174923761291254 -253.32864426363693 -24.219011663529656
55.557762223988775 -253.59932891807361 -24.47734799879861
55.943257061693778 -253.86231334779924 -24.73408099304919
56.331426706013545 -254.11791997939005 -24.989250980555212
56.722289716445431 -254.36645397560594 -25.242897165003974
57.115864781264321 -254.60820433581867 -25.49505764076207
57.512170718416129 -254.84344491667065 -25.745769415963721
57.911226476417582 -255.07243537929867 -25.995068436990874
58.313051135262214 -255.29542206892529 -26.242989613980093
58.71766390733255 -255.51263883213628 -26.489566847048685
59.125084138318783 -255.72430777671707 -26.734833052980949
59.535331308143697 -255.93063997851397 -26.978820192157254
59.948425031894082 -256.13183613941499 -27.221559295544434
60.364385060758664 -256.32808720020427 -27.463080491596596
60.783231282972288 -256.51957491173283 -27.703413032941292
61.20498372476699 -256.70647236756622 -27.94258532274911
61.629662551329425 -256.8889445010081 -28.180624940702884
62.057288067765008 -257.06714854916316 -28.417558668499833
62.487880720068908 -257.24123448648635 -28.65341251483342
62.921461096103457 -257.41134543006598 -28.888211739813389
63.358049926582495 -257.57761801870913 -29.121980878792982
63.797668086062842 -257.74018276773143 -29.354743765580498
64.240336593941919 -257.89916440120214 -29.586523555019134
64.686076615463222 -258.05468216325704 -29.817342744926336
65.134909462728032 -258.20685010996459 -30.047223197387293
65.586856595714295 -258.35577738311673 -30.276186159402865
66.041939623303065 -258.50156846720591 -30.504252282895202
66.500180304311201 -258.64432343075623 -30.731441644076781
66.961600548532161 -258.78413815308477 -30.957773762192161
67.426222417783436 -258.92110453748887 -31.183267617642286
67.894068126961074 -259.05531071177904 -31.407941669503575
68.3651600451024 -259.18684121700863 -31.631813872455648
68.839520696454983 -259.31577718518724 -31.854901693130905
69.317172761554019 -259.44219650670857 -32.077222125901883
69.798139078306605 -259.56617398816769 -32.298791708121264
70.282442643083471 -259.6877815011934 -32.519626534830309
70.770106611818903 -259.80708812287952 -32.739742272952256
71.261154301117472 -259.92416026835087 -32.959154174985841
71.755609189369224 -260.03906181596824 -33.177877092215937
72.25349491787216 -260.15185422563519 -33.395925487456438
72.754835291962266 -260.26259665064089 -33.613313447341341
73.259654282152312 -260.37134604344061 -33.830054694179992
73.767976025277321 -260.47815725574844 -34.04616259739074
74.279824825649129 -260.58308313329132 -34.261650184528953
74.795225156218223 -260.68617460554839 -34.476530151923008
75.314201659743688 -260.78748077077915 -34.690814874932933
75.836779149971917 -260.88704897662302 -34.904516417845549
76.362982612822435 -260.98492489653245 -35.117646543418886
76.892837207583071 -261.08115260228675 -35.330216722089645
77.426368268112711 -261.175774632816 -35.542238140855687
77.963601304052304 -261.26883205954931 -35.753721711845742
78.504562002045105 -261.36036454848841 -35.964678080588605
79.049276226964224 -261.45041041919467 -36.175117633992279
79.597770023149792 -261.53900670086364 -36.385050508044962
80.150069615654076 -261.6261891856542 -36.59448659524773
80.706201411495002 -261.7119924794232 -36.803435551789114
81.266192000919474 -261.79645005001299 -37.011906804472197
81.83006815867391 -261.87959427322448 -37.219909557402126
82.397856845285133 -261.96145647660501 -37.427452798444826
82.969585208349088 -262.04206698116849 -37.634545305464286
83.545280583828657 -262.12145514116037 -37.841195652347388
84.12497049736119 -262.19964938197273 -38.047412214824526
84.708682665574031 -262.27667723630725 -38.253203176093059
85.296444997410191 -262.35256537868008 -38.458576532251975
85.888285595462506 -262.42733965835509 -38.663540097553984
86.484232757317187 -262.50102513078741 -38.868101509482493
87.084314976907251 -262.5736460876559 -39.07226823366009
87.688560945874286 -262.64522608555512 -39.276047568594223
88.296999554940939 -262.71578797341789 -39.479446650267128
88.909659895291597 -262.78535391873078 -39.68247245657485
89.52657125996393 -262.85394543260503 -39.885131811621719
90.147763145249186 -262.92158339375953 -40.087431389875341
90.773265252102249 -262.98828807147038 -40.289377720186991
91.403107487562352 -263.05407914753835 -40.490977189683143
92.037319966182224 -263.11897573732176 -40.692236047531914
92.675933011468757 -263.18299640988164 -40.893160408589949
93.318977157332398 -263.24615920728144 -41.093756256933361
93.966483149546917 -263.30848166308186 -41.294029449277197
94.618481947220033 -263.36998082007057 -41.493985718287966
95.275004724272918 -263.43067324726167 -41.693630675792051
95.936082870931386 -263.49057505620078 -41.892969815884889
96.601747995226475 -263.54970191660755 -42.092008517943654
97.272031924505384 -263.60806907138715 -42.290752049547187
97.946966706953972 -263.6656913510393 -42.489205569306698
98.62658461312823 -263.72258318749346 -42.687374129609857
99.310918137497922 -263.7787586273962 -42.885262679281979
100.00000000000001 -263.83423134487498 -43.082876066166705
100.69386314760274 -263.88901465380337 -43.280219039629145
101.39254075588156 -263.94312151958906 -43.47729625298448
102.09606623060468 -263.99656457050656 -43.674112265854028
102.80447320933099 -264.04935610859491 -43.87067154645198
103.51779556301764 -264.1015081201391 -44.066978473804475
104.23606739764014 -264.15303228575357 -44.263037339904024
104.95932305582279 -264.20393999008633 -44.458852351800957
105.68759711848041 -264.25424233115814 -44.654427633634192
106.42092440647248 -264.3039501293544 -44.849767228603746
107.15933998226713 -264.35307393608349 -45.044875100886152
107.90287915161838 -264.40162404211623 -45.239755137495678
108.65157746525387 -264.44961048561993 -45.434411150092316
109.40547072057427 -264.49704305990014 -45.628846876738713
110.16459496336573 -264.54393132086142 -45.82306598360789
110.9289864895223 -264.59028459420023 -46.017072066642783
111.69868184678228 -264.63611198234031 -46.210868653170031
112.4737178364752 -264.68142237112039 -46.404459203468654
113.25413151528116 -264.7262244362463 -46.597847112295568
114.03996019700332 -264.77052664951526 -46.791035710369471
114.83124145435114 -264.8143372848225 -46.984028265813791
115.62801312073756 -264.85766442395862 -47.176827985560919
116.43031329208772 -264.90051596220673 -47.369438016718156
117.23818032865988 -264.94289961374619 -47.561861447896824
118.05165285688059 -264.98482291687174 -47.754101310506279
118.87076977119037 -265.02629323903477 -47.946160580012851
119.6955702359043 -265.0673177817136 -48.138042177165893
120.52609368708428 -265.10790358511969 -48.3297489691913
121.36237983442409 -265.14805753274652 -48.521283770953474
122.20446866314889 -265.18778635576604 -48.712649346087481
123.05240043592619 -265.22709663727966 -48.903848408101155
123.90621569479158 -265.26599481642916 -49.094883621449199
124.76595526308701 -265.30448719237199 -49.285757602579302
125.63166024741203 -265.34257992812769 -49.476472920951508
126.5033720395904 -265.38027905429811 -49.667032100031804
127.38113231864787 -265.41759047266856 -49.857437618260107
128.264983052806 -265.45451995969216 -50.047691909994242
129.15496650148845 -265.49107316986334 -50.237797366429831
130.05112521734088 -265.52725563898338 -50.427756336497175
130.95350204826678 -265.56307278732265 -50.617571127736234
131.86214013947489 -265.59852992268367 -50.807244007149237
132.77708293554292 -265.63363224336706 -50.996777202032867
133.69837418249469 -265.66838484104562 -51.1861729007897
134.62605792989098 -265.70279270354877 -51.375433253719699
135.56017853293693 -265.73686071756117 -51.564560373792908
136.50078065460141 -265.77059367123792 -51.753556337402799
137.44790926775386 -265.80399625673977 -51.942423185102122
138.40160965731317 -265.83707307269162 -52.131162922320428
139.36192742241423 -265.86982862656521 -52.319777520065109
140.32890847858735 -265.90226733699109 -52.508268915605242
141.30259905995339 -265.93439353600047 -52.696639013139425
142.28304572143537 -265.9662114712001 -52.884889684448041
143.27029534098313 -265.99772530788232 -53.073022769529899
144.26439512181577 -266.02893913107278 -53.261040077224266
145.26539259467816 -266.05985694751746 -53.448943385818367
146.27333562011302 -266.09048268761188 -53.636734443640613
147.28827239075036 -266.12082020727274 -53.824414969640564
148.31025143361046 -266.15087328975659 -54.01198665395512
149.33932161242521 -266.18064564742457 -54.199451158462161
150.37553212997389 -266.21014092345689 -54.38681011732141
151.41893253043523 -266.23936269351788 -54.574065137502885
152.46957270175747 -266.26831446737333 -54.761217799303914
153.5275028780423 -266.29699969046203 -54.948269656853888
154.59277364194773 -266.32542174542243 -55.135222238608364
155.66543592710624 -266.35358395357662 -55.322077047831705
156.74554102055953 -266.38148957637213 -55.508835563069169
157.83314056521183 -266.40914181678392 -55.695499238608733
158.92828656229784 -266.4365438206766 -55.882069504932375
160.03103137387004 -266.46369867812979 -56.068547769157966
161.14142772530201 -266.49060942472607 -56.254935415471117
162.25952870780876 -266.51727904280369 -56.441233805547775
163.38538778098624 -266.54371046267522 -56.627444278967829
164.51905877536629 -266.56990656381294 -56.813568153619542
165.66059589499139 -266.59587017600137 -56.999606726095557
166.81005372000595 -266.62160408045952 -57.185561272080285
167.96748720926536 -266.64711101093241 -57.371433046728988
169.1329517029649 -266.67239365475331 -57.557223285039122
170.30650292528449 -266.69745465387757 -57.742933202213457
171.48819698705395 -266.72229660588931 -57.928563994015882
172.67809038843563 -266.74692206498082 -58.11411683711961
173.87624002162508 -266.77133354290658 -58.299592889447958
175.08270317357255 -266.79553350991165 -58.484993290508484
176.29753752872062 -266.81952439563673 -58.670319161719689
177.52080117176345 -266.8433085899984 -58.855571606731388
178.75255259042359 -266.86688844404733 -59.040751711738331
179.99285067824766 -266.89026627080386 -59.225860545787228
181.2417547374238 -266.91344434607225 -59.410899161077985
182.49932448161528 -266.93642490923384 -59.595868593258224
183.7656200388171 -266.95921016401996 -59.780769861712386
185.04070195423026 -266.98180227926531 -59.965603969844665
186.32463119315602 -267.00420338964187 -60.150371905356344
187.61746914391219 -267.02641559637476 -60.33507464051759
188.91927762076668 -267.0484409679392 -60.5197131324339
190.23011886689443 -267.07028154074101 -60.704288323307068
191.55005555735283 -267.09193931977939 -60.888801140691264
192.87915080207782 -267.11341627929323 -61.073252497743631
194.21746814890267 -267.13471436339194 -61.257643293470544
195.56507158659494 -267.15583548666973 -61.441974412968364
196.9220255479172 -267.17678153480563 -61.626246727660167
198.28839491270719 -267.19755436514833 -61.810461095527359
199.66424501097939 -267.21815580728679 -61.994618361336954
201.04964162604995 -267.23858766360701 -62.178719356864633
202.44465099768044 -267.2588517098352 -62.362764901113245
203.84933982524626 -267.2789496955678 -62.546755800527279
205.26377527092524 -267.29888334478892 -62.730692849203209
206.68802496290823 -267.31865435637496 -62.914576829095715
208.12215699863398 -267.33826440458762 -63.098408510220246
209.56623994804332 -267.35771513955473 -63.282188650851317
211.02034285685951 -267.37700818773988 -63.465917997717625
212.48453524988832 -267.39614515240106 -63.649597286192972
213.95888713434218 -267.415127614038 -63.833227240483865
215.44346900318848 -267.43395713082975 -64.016808573813691
216.93835183851851 -267.45263523906095 -64.200341988603157
218.44360711494267 -267.47116345353925 -64.383828176647697
219.95930680300754 -267.48954326800242 -64.567267819291402
221.48552337263598 -267.50777615551584 -64.750661587597776
223.02232979659391 -267.52586356886167 -64.934010142517423
224.56979955397745 -267.5438069409177 -65.117314135052482
226.12800663372775 -267.56160768502912 -65.30057420641829
227.69702553816808 -267.57926719537039 -65.483790988202017
229.27693128656492 -267.59678684729954 -65.66696510251812
230.86779941871703 -267.61416799770439 -65.850097162161532
232.46970599856485 -267.631411985341 -66.033187770757607
234.08272761782925 -267.64852013116416 -66.216237522909552
235.70694139967281 -267.66549373865058 -66.399247004343323
237.34242500238665 -267.68233409411516 -66.582216792049579
238.98925662310509 -267.69904246701986 -66.765147454423584
240.64751500154247 -267.71562011027549 -66.948039551402019
242.31727942376011 -267.73206826053769 -67.130893634598067
243.99862972595506 -267.7483881384951 -67.313710247433363
245.69164629827907 -267.76458094915256 -67.496489925268278
247.39641008868148 -267.78064788210685 -67.679233195529463
249.11300260677888 -267.79659011181718 -67.861940577835213
250.84150592775418 -267.81240879786964 -68.04461258411898
252.58200269627849 -267.82810508523568 -68.227249718750116
254.33457613046488 -267.84368010452516 -68.409852478653164
256.09931002584597 -267.85913497223402 -68.592421353424626
257.87628875938015 -267.87447079098644 -68.774956825447802
259.66559729348728 -267.88968864977176 -68.95745937000585
261.46732118010925 -267.90478962417654 -69.139929455392505
263.28154656480206 -267.91977477661197 -69.322367543021315
265.108360190854 -267.93464515653545 -69.504774087532752
266.94784940343214 -267.94940180066857 -69.687149536899426
268.8001021537608 -267.9640457332099 -69.869494332529882
270.66520700332416 -267.97857796604347 -70.051808909369996
272.54325312810283 -267.99299949894282 -70.234093696003356
274.43433032283656 -268.00731131977091 -70.416349114749451
276.33852900531701 -268.02151440467583 -70.598575581760258
278.25594022071266 -268.03560971828222 -70.780773507115455
280.18665564591959 -268.04959821387916 -70.96294329491576
282.13076759394716 -268.06348083360399 -71.145085343374816
284.08836901833047 -268.07725850862204 -71.327200044909617
286.05955351757427 -268.09093215930329 -71.509287786229152
288.04441533962984 -268.1045026953949 -71.691348948421918
290.04304938639922 -268.11797101619061 -71.8733839070416
292.05555121827456 -268.13133801069637 -72.055393032191859
294.08201705870641 -268.14460455779306 -72.237376688609018
296.12254379880352 -268.15777152639532 -72.419335235743972
298.17722900196742 -268.17083977560787 -72.601269027842491
300.24617090855503 -268.18381015487824 -72.78317841402415
302.32946844057773 -268.19668350414651 -72.965063738360129
304.42722120643032 -268.20946065399244 -73.146925339949647
306.53952950565275 -268.22214242577917 -73.328763552995056
308.66649433372754 -268.23472963179438 -73.510578706875947
310.80821738690645 -268.24722307538877 -73.692371126221715
312.96480106707514 -268.25962355111147 -73.874141130983375
315.13634848664799 -268.27193184484327 -74.0558890365037
317.32296347349768 -268.28414873392671 -74.237615153586688
319.52475057592142 -268.29627498729423 -74.41931978856563
321.74181506763722 -268.3083113655934 -74.601003243370116
323.97426295281963 -268.32025862130985 -74.782665815592082
326.22220097116707 -268.33211749888807 -74.964307798550735
328.4857366030044 -268.34388873484949 -75.145929481356234
330.76497807442433 -268.3555730579086 -75.327531148972824
333.06003436245896 -268.36717118908689 -75.509113082280308
335.37101520029296 -268.37868384182462 -75.69067555813524
337.6980310825092 -268.39011172209001 -75.872218849430595
340.04119327037068 -268.40145552848702 -76.053743225154761
342.40061379714263 -268.41271595236083 -76.235248950449545
344.77640547344652 -268.42389367790145 -76.416736286667131
347.16868189265602 -268.43498938224502 -76.598205491426441
349.5775574363276 -268.44600373557392 -76.7796568186683
352.00314727966793 -268.45693740121425 -76.961090518709753
354.44556739704365 -268.46779103573215 -77.142506838297848
356.90493456752301 -268.47856528902798 -77.323906020662108
359.38136638046262 -268.48926080442902 -77.50528830556658
361.87498124112813 -268.49987821878011 -77.686653929360901
364.38589837635448 -268.51041816253314 -77.868003125030356
366.91423784024948 -268.52088125983448 -78.049336122245705
369.46012051993029 -268.53126812861109 -78.230653147411587
372.02366814130664 -268.54157938065509 -78.411954423714661
374.60500327489939 -268.55181562170651 -78.593240171170805
377.20424934169984 -268.56197745153486 -78.774510606671427
379.82153061907371 -268.57206546401937 -78.955765944029494
382.45697224669999 -268.58208024722717 -79.137006394024297
385.11070023255701 -268.59202238349098 -79.318232164446044
387.78284145894582 -268.60189244948469 -79.499443460139418
390.4735236885561 -268.61169101629793 -79.680640483046488
393.1828755705771 -268.62141864950934 -79.861823432249267
395.91102664684593 -268.63107590925864 -80.042992504011167
398.65810735804394 -268.64066335031697 -80.224147891818177
401.42424904993231 -268.65018152215674 -80.405289786419303
404.20958397963068 -268.65963096901964 -80.586418375866202
407.01424532194392 -268.66901222998405 -80.767533845552549
409.83836717572626 -268.67832583903061 -80.948636378252544
412.68208457029522 -268.68757232510734 -81.129726154158931
415.54553347188767 -268.69675221219336 -81.310803350920423
418.42885079015815 -268.70586601936128 -81.491868143678488
421.332174384729 -268.71491426083901 -81.672920705103834
424.2556430717778 -268.72389744607051 -81.853961205431915
427.19939663067822 -268.73281607977464 -82.034989812498324
430.16357581067962 -268.74167066200454 -82.216006691773373
433.14832233763997 -268.75046168820455 -82.397012006396238
436.15377892080068 -268.75918964926728 -82.578005917208699
439.18008925960874 -268.76785503158902 -82.758988582788064
442.22739805059024 -268.77645831712459 -82.939960159480023
445.29585099426566 -268.7849999834412 -83.120920801430572
448.3855948021187 -268.79348050377143 -83.30187066061788
451.49677720361035 -268.80190034706555 -83.482809886883331
454.62954695324004 -268.81025997804232 -83.663738627962161
457.78405383766221 -268.81855985724007 -83.844657029514025
460.96044868284343 -268.82680044106581 -84.025565235152357
464.15888336127779 -268.8349821818444 -84.206463386474098
467.37951079924648 -268.84310552786638 -84.387351623088477
470.62248498412828 -268.85117092343557 -84.568230082645371
473.88796097176572 -268.85917880891543 -84.749098900863657
477.17609489387468 -268.86712962077473 -84.929958211558514
480.48704396551301 -268.87502379163305 -85.110808146668916
483.8209664925958 -268.88286175030476 -85.291648836284438
487.17802187946319 -268.89064392184298 -85.472480408671444
490.55837063650517 -268.89837072758252 -85.653302990299508
493.96217438783219 -268.90604258518232 -85.834116705866691
497.38959587900638 -268.91365990866677 -86.014921678325109
500.84079898482139 -268.9212231084673 -86.195718028905702
504.315948717136 -268.92873259146262 -86.376505877142719
507.81521123276764 -268.93618876101829 -86.557285340898048
511.33875384143272 -268.94359201702616 -86.738056536384832
514.88674501374942 -268.950942755943 -86.918819578191119
518.45935438929143 -268.95824137082849 -87.099574579302939
522.05675278469766 -268.96548825138257 -87.280321651126968
525.6791122018426 -268.97268378398252 -87.461060903513115
529.32660583605627 -268.97982835171916 -87.641792444776542
532.99940808440886 -268.98692233443285 -87.822516381719524
536.69769455404776 -268.99396610874851 -88.003232819652965
540.42164207059159 -269.00096004811053 -88.183941862417385
544.17142868658937 -269.00790452281717 -88.364643612403952
547.94723369002884 -269.01479990005407 -88.545338170574894
551.74923761291245 -269.0216465439276 -88.726025636483868
555.57762223988789 -269.02844481549755 -88.906706108295865
559.43257061693782 -269.0351950728097 -89.087379682806741
563.31426706013588 -269.04189767092737 -89.268046455462851
567.22289716445448 -269.04855296196303 -89.448706520379901
571.15864781264304 -269.05516129510897 -89.629359970361918
575.12170718416155 -269.06172301666822 -89.810006896919688
579.11226476417596 -269.06823847008417 -89.99064739028907
583.13051135262253 -269.07470799597041 -90.171281539449083
587.17663907332565 -269.08113193214001 -90.351909432139436
591.25084138318755 -269.08751061363427 -90.532531154878328
595.35331308143714 -269.09384437275116 -90.713146792979401
599.48425031894101 -269.1001335390734 -90.893756430568843
603.64385060758718 -269.10637843949587 -91.074360150602161
607.83231282972315 -269.1125793982531 -91.254958034880644
612.04983724766976 -269.11873673694612 -91.435550164067578
616.29662551329443 -269.12485077456893 -91.616136617704399
620.57288067765023 -269.13092182753456 -91.796717474226341
624.87880720068949 -269.13695020970118 -91.977292810978113
629.21461096103451 -269.14293623239706 -92.157862704229146
633.58049926582487 -269.14888020444613 -92.338427229188838
637.97668086062833 -269.15478243219275 -92.518986460021367
642.40336593941925 -269.16064321952564 -92.699540469860395
646.86076615463287 -269.16646286790268 -92.880089330823608
651.34909462728035 -269.17224167637426 -93.060633114026828
655.86856595714301 -269.17797994160679 -93.241171889598348
660.41939623303062 -269.18367795790624 -93.421705726692565
665.00180304311198 -269.18933601724063 -93.602234693503689
669.61600548532238 -269.19495440926266 -93.782758857279333
674.26222417783436 -269.20053342133235 -93.96327828433364
678.94068126961065 -269.2060733385386 -94.143793040060487
683.65160045102402 -269.21157444372119 -94.324303188946345
688.39520696454986 -269.21703701749198 -94.504808794582942
693.17172761554093 -269.22246133825649 -94.685309919679909
697.9813907830661 -269.2278476822342 -94.865806626077003
702.82442643083471 -269.23319632347983 -95.046298974756454
707.70106611818915 -269.23850753390332 -95.226787025854847
712.61154301117472 -269.24378158328994 -95.40727083867489
717.55609189369306 -269.24901873932038 -95.587750471697319
722.5349491787216 -269.2542192675902 -95.76822598259217
727.54835291962263 -269.25938343162926 -95.948697428230233
732.59654282152314 -269.26451149292097 -96.129164864694218
737.67976025277324 -269.26960371092099 -96.309628347289674
742.798248256492 -269.27466034307594 -96.49008793055603
747.95225156218225 -269.27968164484213 -96.670543668277091
753.14201659743776 -269.28466786970341 -96.850995613491818
758.36779149971926 -269.2896192691893 -97.031443818504485
763.62982612822429 -269.294536092893 -97.211888334895121
768.92837207583159 -269.29941858848849 -97.392329213529621
774.26368268112719 -269.30426700174849 -97.572766504569529
779.63601304052384 -269.30908157656103 -97.753200257482106
785.04562002045111 -269.31386255494687 -97.933630521049778
790.4927622696423 -269.31861017707593 -98.114057343379926
795.97770023149872 -269.32332468128402 -98.29448077191411
801.5006961565407 -269.32800630408923 -98.474900853437433
807.0620141149509 -269.33265528020786 -98.655317634087737
812.66192000919477 -269.33727184257077 -98.835731159364428
818.30068158673919 -269.34185622233889 -99.016141474137655
823.97856845285207 -269.3464086489189 -99.196548622656906
829.69585208349076 -269.35092934997886 -99.376952648559566
835.4528058382873 -269.355418551463 -99.5573535948797
841.24970497361198 -269.35987647760749 -99.737751504056178
847.08682665574042 -269.36430335095463 -99.918146417941145
852.96444997410265 -269.36869939236828 -100.09853837780821
858.88285595462514 -269.37306482104799 -100.27892742436021
864.84232757317272 -269.37739985454346 -100.45931359773755
870.84314976907251 -269.38170470876901 -100.63969693752567
876.88560945874281 -269.38597959801751 -100.82007748276307
882.96999554940942 -269.39022473497425 -101.0004552719487
889.096598952916 -269.39444033073113 -101.18083034304946
895.26571259964021 -269.39862659479979 -101.36120273350784
901.47763145249201 -269.40278373512535 -101.54157248024885
907.7326525210226 -269.40691195809973 -101.72193961968748
914.03107487562329 -269.41101146857488 -101.90230418773572
920.37319966182235 -269.41508246987587 -102.08266621980948
926.75933011468851 -269.41912516381348 -102.26302575083557
933.18977157332415 -269.42313975069749 -102.44338281525837
939.66483149546923 -269.42712642934885 -102.62373744704675
946.18481947220039 -269.43108539711255 -102.80408967970038
952.75004724272924 -269.43501684986961 -102.9844395462565
959.36082870931489 -269.43892098204975 -103.16478707929618
966.01747995226469 -269.44279798664303 -103.34513231095065
972.72031924505393 -269.44664805521234 -103.52547527290774
979.4696670695397 -269.45047137790471 -103.70581599641777
986.26584613128216 -269.45426814346354 -103.88615451229973
993.10918137498015 -269.45803853923996 -104.06649085094733
1000.0000000000002 -269.46178275120428 -104.24682504233478
