0 0 0
0 0.10000000000000001 0
0.01 0.10000000000000001 1.1171128169308788e-05
0.02 0.10000000000000001 8.3059887108171039e-05
0.029999999999999999 0.10000000000000001 0.00026306255828734007
0.040000000000000001 0.10000000000000001 0.00058107454549499163
0.050000000000000003 0.10000000000000001 0.0010465409380139581
0.059999999999999998 0.10000000000000001 0.001649844937287578
0.070000000000000007 0.10000000000000001 0.0023657638348720932
0.080000000000000002 0.10000000000000001 0.0031544605047760564
0.089999999999999997 0.10000000000000001 0.0039709075714938775
0.10000000000000001 0.10000000000000001 0.0047702417053720322
0.11 0.10000000000000001 0.005517150952329992
0.12 0.10000000000000001 0.0061823820146068575
0.13 0.10000000000000001 0.0067492344296013812
0.14000000000000001 0.10000000000000001 0.0072145791550459687
0.14999999999999999 0.10000000000000001 0.0075875090670468109
0.16 0.10000000000000001 0.0078870699096222872
0.17000000000000001 0.10000000000000001 0.0081411783350188935
0.17999999999999999 0.10000000000000001 0.0083803791695592923
0.19 0.10000000000000001 0.0086334674433469136
0.20000000000000001 0.10000000000000001 0.0089223745863673005
0.20999999999999999 0.10000000000000001 0.0092647245807563477
0.22 0.10000000000000001 0.009669627344599455
0.23000000000000001 0.10000000000000001 0.010136914201361244
0.23999999999999999 0.10000000000000001 0.010659520826129662
0.25 0.10000000000000001 0.011222048066231215
0.26000000000000001 0.10000000000000001 0.011806357916861278
0.27000000000000002 0.10000000000000001 0.012392795041375604
0.28000000000000003 0.10000000000000001 0.01296280577058175
0.28999999999999998 0.10000000000000001 0.013502349144916617
0.29999999999999999 0.10000000000000001 0.014000826935119124
0.31 0.10000000000000001 0.014453682584605625
0.32000000000000001 0.10000000000000001 0.014862255637741321
0.33000000000000002 0.10000000000000001 0.015232376418323401
0.34000000000000002 0.10000000000000001 0.015575165022556483
0.34999999999999998 0.10000000000000001 0.015903062859251367
0.35999999999999999 0.10000000000000001 0.016230594929407507
0.37 0.10000000000000001 0.016567707852756609
0.38 0.10000000000000001 0.016922753466214628
0.39000000000000001 0.10000000000000001 0.017301935609952752
0.40000000000000002 0.10000000000000001 0.01770717101202959
0.40999999999999998 0.10000000000000001 0.018137402200094389
0.41999999999999998 0.10000000000000001 0.018586938011981202
0.42999999999999999 0.10000000000000001 0.0190489166375407
0.44 0.10000000000000001 0.019514352478684743
0.45000000000000001 0.10000000000000001 0.019975439211233036
0.46000000000000002 0.10000000000000001 0.020425670273494154
0.46999999999999997 0.10000000000000001 0.020860431626318711
0.47999999999999998 0.10000000000000001 0.021276099693289297
0.48999999999999999 0.10000000000000001 0.021672041991994961
0.5 0.10000000000000001 0.022049299658536775
0.51000000000000001 0.10000000000000001 0.022411869140231952
0.52000000000000002 0.10000000000000001 0.022764370243453871
0.53000000000000003 0.10000000000000001 0.023112109026168469
0.54000000000000004 0.10000000000000001 0.023460400348688976
0.55000000000000004 0.10000000000000001 0.023813212670509582
0.56000000000000005 0.10000000000000001 0.024173282899050158
0.56999999999999995 0.10000000000000001 0.02454245458626763
0.57999999999999996 0.10000000000000001 0.024921192501714293
0.58999999999999997 0.10000000000000001 0.025307646513470353
0.59999999999999998 0.10000000000000001 0.025699635264863029
0.60999999999999999 0.10000000000000001 0.026094132029529784
0.62 0.10000000000000001 0.026487686445388139
0.63 0.10000000000000001 0.026877379226653203
0.64000000000000001 0.10000000000000001 0.027260731082781646
0.65000000000000002 0.10000000000000001 0.027635954909587496
0.66000000000000003 0.10000000000000001 0.028002568440836408
0.67000000000000004 0.10000000000000001 0.028360827191585825
0.68000000000000005 0.10000000000000001 0.028711783725035939
0.68999999999999995 0.10000000000000001 0.029056785426015318
0.69999999999999996 0.10000000000000001 0.029397511479656031
0.70999999999999996 0.10000000000000001 0.029736592539476532
0.71999999999999997 0.10000000000000001 0.030075535286692066
0.72999999999999998 0.10000000000000001 0.030415453291187031
0.73999999999999999 0.10000000000000001 0.030757202977715611
0.75 0.10000000000000001 0.031101128506197642
0.76000000000000001 0.10000000000000001 0.031447071347488656
0.77000000000000002 0.10000000000000001 0.031794444227590826
0.78000000000000003 0.10000000000000001 0.032142338953867443
0.79000000000000004 0.10000000000000001 0.032489422970043966
0.80000000000000004 0.10000000000000001 0.032834326053195792
0.81000000000000005 0.10000000000000001 0.033176972200771981
0.81999999999999995 0.10000000000000001 0.033516536408388045
0.82999999999999996 0.10000000000000001 0.033852503106780889
0.83999999999999997 0.10000000000000001 0.034184621968174948
0.84999999999999998 0.10000000000000001 0.034512931443379607
0.85999999999999999 0.10000000000000001 0.034837749744600008
0.87 0.10000000000000001 0.035159692520185956
0.88 0.10000000000000001 0.035479146882783738
0.89000000000000001 0.10000000000000001 0.035797148344637569
0.90000000000000002 0.10000000000000001 0.036114429425643295
0.91000000000000003 0.10000000000000001 0.036431016450338451
0.92000000000000004 0.10000000000000001 0.036747098919672629
0.93000000000000005 0.10000000000000001 0.037062737542257744
0.93999999999999995 0.10000000000000001 0.037377889686210627
0.94999999999999996 0.10000000000000001 0.037692336258691686
0.95999999999999996 0.10000000000000001 0.038005712028593784
0.96999999999999997 0.10000000000000001 0.038317401196219403
0.97999999999999998 0.10000000000000001 0.038627397845561399
0.98999999999999999 0.10000000000000001 0.03893563417064725
1 0.10000000000000001 0.039242154476869483
1.01 0.10000000000000001 0.03954670351686234
1.02 0.10000000000000001 0.039849190794373122
1.03 0.10000000000000001 0.040149611535747504
1.04 0.10000000000000001 0.040448005429093208
1.05 0.10000000000000001 0.04074438851531053
1.0600000000000001 0.10000000000000001 0.041039202145637256
1.0700000000000001 0.10000000000000001 0.041332576476081045
1.0800000000000001 0.10000000000000001 0.041624615480624745
1.0900000000000001 0.10000000000000001 0.041915391280083675
1.1000000000000001 0.10000000000000001 0.042204942913412001
1.1100000000000001 0.10000000000000001 0.042493278882751069
1.1200000000000001 0.10000000000000001 0.042780382518385819
1.1299999999999999 0.10000000000000001 0.043066219078593003
1.1399999999999999 0.10000000000000001 0.043350743508457808
1.1499999999999999 0.10000000000000001 0.043633907904852144
1.1599999999999999 0.10000000000000001 0.043915667938113141
1.1699999999999999 0.10000000000000001 0.044195987728201623
1.1799999999999999 0.10000000000000001 0.044474842929801091
1.1899999999999999 0.10000000000000001 0.044752222017603843
1.2 0.10000000000000001 0.045028125958073151
1.21 0.10000000000000001 0.04530256659385698
1.22 0.10000000000000001 0.045575564146589906
1.23 0.10000000000000001 0.045847144265471887
1.24 0.10000000000000001 0.046117335020779873
1.25 0.10000000000000001 0.046386164175446519
1.26 0.10000000000000001 0.046653656977889563
1.27 0.10000000000000001 0.046919834619409587
1.28 0.10000000000000001 0.047184713402200866
1.29 0.10000000000000001 0.047448304579329303
1.3 0.10000000000000001 0.047710614762768326
1.3100000000000001 0.10000000000000001 0.047971646753245105
1.3200000000000001 0.10000000000000001 0.048231400626675337
1.3300000000000001 0.10000000000000001 0.04848987491416213
1.3400000000000001 0.10000000000000001 0.048747067731867398
1.3500000000000001 0.10000000000000001 0.049002977748350711
1.3600000000000001 0.10000000000000001 0.049257604914707771
1.3700000000000001 0.10000000000000001 0.049510950921797192
1.3799999999999999 0.10000000000000001 0.049763019384618572
1.3899999999999999 0.10000000000000001 0.050013815783223663
1.3999999999999999 0.10000000000000001 0.050263347210417517
1.4099999999999999 0.10000000000000001 0.050511621988215558
1.4199999999999999 0.10000000000000001 0.050758649217961714
1.4299999999999999 0.10000000000000001 0.051004438324443069
1.4399999999999999 0.10000000000000001 0.0512489986441051
1.45 0.10000000000000001 0.051492339093700192
1.46 0.10000000000000001 0.051734467940505374
1.47 0.10000000000000001 0.051975392680516382
1.48 0.10000000000000001 0.052215120018265615
1.49 0.10000000000000001 0.052453655932128744
1.5 0.10000000000000001 0.052691005802706636
1.51 0.10000000000000001 0.05292717457912751
1.52 0.10000000000000001 0.053162166958573287
1.53 0.10000000000000001 0.053395987557363168
1.54 0.10000000000000001 0.053628641056742143
1.55 0.10000000000000001 0.053860132312277868
1.5600000000000001 0.10000000000000001 0.054090466421681471
1.5700000000000001 0.10000000000000001 0.054319648751272896
1.5800000000000001 0.10000000000000001 0.054547684925715205
1.5900000000000001 0.10000000000000001 0.054774580788758791
1.6000000000000001 0.10000000000000001 0.055000342344455971
1.6100000000000001 0.10000000000000001 0.055224975688701154
1.6200000000000001 0.10000000000000001 0.055448486940214446
1.6299999999999999 0.10000000000000001 0.05567088217850371
1.6399999999999999 0.10000000000000001 0.055892167394230502
1.6499999999999999 0.10000000000000001 0.056112348455094441
1.6599999999999999 0.10000000000000001 0.056331431088120887
1.6699999999999999 0.10000000000000001 0.056549420877313794
1.6799999999999999 0.10000000000000001 0.056766323274170992
1.6899999999999999 0.10000000000000001 0.056982143617627705
1.7 0.10000000000000001 0.0571968871595991
1.71 0.10000000000000001 0.05741055909238197
1.72 0.10000000000000001 0.057623164574648687
1.73 0.10000000000000001 0.057834708753507595
1.74 0.10000000000000001 0.058045196780982002
1.75 0.10000000000000001 0.058254633824156112
1.76 0.10000000000000001 0.058463025069053522
1.77 0.10000000000000001 0.05867037571897496
1.78 0.10000000000000001 0.058876690988486739
1.79 0.10000000000000001 0.059081976094504329
1.8 0.10000000000000001 0.059286236245966607
1.8100000000000001 0.10000000000000001 0.059489476633479199
1.8200000000000001 0.10000000000000001 0.059691702420058806
1.8300000000000001 0.10000000000000001 0.059892918733789213
1.8400000000000001 0.10000000000000001 0.060093130662847292
1.8500000000000001 0.10000000000000001 0.060292343253019839
1.8600000000000001 0.10000000000000001 0.06049056150754268
1.8700000000000001 0.10000000000000001 0.06068779038887414
1.8799999999999999 0.10000000000000001 0.060884034821877077
1.8899999999999999 0.10000000000000001 0.061079299697826273
1.8999999999999999 0.10000000000000001 0.061273589878675414
1.9099999999999999 0.10000000000000001 0.061466910201090741
1.9199999999999999 0.10000000000000001 0.061659265479873278
1.9299999999999999 0.10000000000000001 0.061850660510524874
1.9399999999999999 0.10000000000000001 0.062041100070849294
1.95 0.10000000000000001 0.062230588921603373
1.96 0.10000000000000001 0.062419131806312013
1.97 0.10000000000000001 0.062606733450430524
1.98 0.10000000000000001 0.062793398560074543
1.99 0.10000000000000001 0.062979131820544751
2 0.10000000000000001 0.063163937894854527
2.0099999999999998 0.10000000000000001 0.063347821422430464
2.02 0.10000000000000001 0.063530787018107146
2.0299999999999998 0.10000000000000001 0.06371283927148319
2.04 0.10000000000000001 0.063893982746655281
2.0499999999999998 0.10000000000000001 0.064074221982302407
2.0600000000000001 0.10000000000000001 0.064253561492060823
2.0699999999999998 0.10000000000000001 0.064432005765108866
2.0800000000000001 0.10000000000000001 0.064609559266872951
2.0899999999999999 0.10000000000000001 0.064786226439769085
2.1000000000000001 0.10000000000000001 0.064962011703905712
2.1099999999999999 0.10000000000000001 0.065136919457691164
2.1200000000000001 0.10000000000000001 0.065310954078309558
2.1299999999999999 0.10000000000000001 0.065484119922049042
2.1400000000000001 0.10000000000000001 0.065656421324486097
2.1499999999999999 0.10000000000000001 0.065827862600542894
2.1600000000000001 0.10000000000000001 0.06599844804444667
2.1699999999999999 0.10000000000000001 0.066168181929624259
2.1800000000000002 0.10000000000000001 0.066337068508566424
2.1899999999999999 0.10000000000000001 0.066505112012693379
2.2000000000000002 0.10000000000000001 0.066672316652247238
2.21 0.10000000000000001 0.06683868661622909
2.2200000000000002 0.10000000000000001 0.067004226072391052
2.23 0.10000000000000001 0.067168939167284877
2.2400000000000002 0.10000000000000001 0.067332830026363644
2.25 0.10000000000000001 0.067495902754126119
2.2599999999999998 0.10000000000000001 0.067658161434292444
2.27 0.10000000000000001 0.067819610129997085
2.2799999999999998 0.10000000000000001 0.067980252883986125
2.29 0.10000000000000001 0.068140093718808178
2.2999999999999998 0.10000000000000001 0.068299136636989721
2.3100000000000001 0.10000000000000001 0.068457385621189928
2.3199999999999998 0.10000000000000001 0.068614844634332942
2.3300000000000001 0.10000000000000001 0.068771517619717379
2.3399999999999999 0.10000000000000001 0.068927408501106818
2.3500000000000001 0.10000000000000001 0.069082521182804793
2.3599999999999999 0.10000000000000001 0.069236859549720031
2.3700000000000001 0.10000000000000001 0.069390427467426713
2.3799999999999999 0.10000000000000001 0.069543228782224756
2.3900000000000001 0.10000000000000001 0.069695267321203999
2.3999999999999999 0.10000000000000001 0.069846546892314731
2.4100000000000001 0.10000000000000001 0.069997071284446377
2.4199999999999999 0.10000000000000001 0.070146844267514163
2.4300000000000002 0.10000000000000001 0.070295869592553545
2.4399999999999999 0.10000000000000001 0.070444150991820734
2.4500000000000002 0.10000000000000001 0.070591692178897256
2.46 0.10000000000000001 0.070738496848796809
2.4700000000000002 0.10000000000000001 0.070884568678072551
2.48 0.10000000000000001 0.07102991132492234
2.4900000000000002 0.10000000000000001 0.071174528429291964
2.5 0.10000000000000001 0.071318423612974136
2.5099999999999998 0.10000000000000001 0.071461600479704207
2.52 0.10000000000000001 0.071604062615251804
2.5299999999999998 0.10000000000000001 0.071745813587509172
2.54 0.10000000000000001 0.071886856946577066
2.5499999999999998 0.10000000000000001 0.072027196224848489
2.5600000000000001 0.10000000000000001 0.072166834937091737
2.5699999999999998 0.10000000000000001 0.07230577658053268
2.5800000000000001 0.10000000000000001 0.072444024634937682
2.5899999999999999 0.10000000000000001 0.072581582562696839
2.6000000000000001 0.10000000000000001 0.072718453808908248
2.6099999999999999 0.10000000000000001 0.072854641801463088
2.6200000000000001 0.10000000000000001 0.072990149951131483
2.6299999999999999 0.10000000000000001 0.073124981651649046
2.6400000000000001 0.10000000000000001 0.073259140279803556
2.6499999999999999 0.10000000000000001 0.073392629195521544
2.6600000000000001 0.10000000000000001 0.073525451741954823
2.6699999999999999 0.10000000000000001 0.073657611245566051
2.6800000000000002 0.10000000000000001 0.073789111016214021
2.6899999999999999 0.10000000000000001 0.073919954347237443
2.7000000000000002 0.10000000000000001 0.074050144515538333
2.71 0.10000000000000001 0.074179684781664257
2.7200000000000002 0.10000000000000001 0.074308578389889746
2.73 0.10000000000000001 0.074436828568296892
2.7400000000000002 0.10000000000000001 0.074564438528855637
2.75 0.10000000000000001 0.074691411467503147
2.7599999999999998 0.10000000000000001 0.07481775056422317
2.77 0.10000000000000001 0.07494345898312485
2.7799999999999998 0.10000000000000001 0.075068539872521448
2.79 0.10000000000000001 0.075192996365008799
2.7999999999999998 0.10000000000000001 0.075316831577543569
2.8100000000000001 0.10000000000000001 0.075440048611521426
2.8199999999999998 0.10000000000000001 0.075562650552854757
2.8300000000000001 0.10000000000000001 0.075684640472050341
2.8399999999999999 0.10000000000000001 0.075806021424286441
2.8500000000000001 0.10000000000000001 0.075926796449489756
2.8599999999999999 0.10000000000000001 0.076046968572411805
2.8700000000000001 0.10000000000000001 0.076166540802704949
2.8799999999999999 0.10000000000000001 0.076285516134997969
2.8900000000000001 0.10000000000000001 0.076403897548971117
2.8999999999999999 0.10000000000000001 0.076521688009430849
2.9100000000000001 0.10000000000000001 0.07663889046638396
2.9199999999999999 0.10000000000000001 0.076755507855111482
2.9300000000000002 0.10000000000000001 0.076871543096241932
2.9399999999999999 0.10000000000000001 0.076986999095824446
2.9500000000000002 0.10000000000000001 0.07710187874540142
2.96 0.10000000000000001 0.077216184922080738
2.9700000000000002 0.10000000000000001 0.077329920488607776
2.98 0.10000000000000001 0.077443088293437143
2.9900000000000002 0.10000000000000001 0.077555691170803853
3 0.10000000000000001 0.077667731940794349
3.0099999999999998 0.10000000000000001 0.077779213409417236
3.02 0.10000000000000001 0.077890138368673548
3.0299999999999998 0.10000000000000001 0.07800050959662666
3.04 0.10000000000000001 0.07811032985747203
3.0499999999999998 0.10000000000000001 0.078219601901606331
3.0600000000000001 0.10000000000000001 0.07832832846569647
3.0699999999999998 0.10000000000000001 0.078436512272748143
3.0800000000000001 0.10000000000000001 0.078544156032174059
3.0899999999999999 0.10000000000000001 0.078651262439861772
3.1000000000000001 0.10000000000000001 0.078757834178241157
3.1099999999999999 0.10000000000000001 0.078863873916351676
3.1200000000000001 0.10000000000000001 0.07896938430990913
3.1299999999999999 0.10000000000000001 0.079074368001372144
3.1400000000000001 0.10000000000000001 0.079178827620008344
3.1499999999999999 0.10000000000000001 0.079282765781960224
3.1600000000000001 0.10000000000000001 0.079386185090310632
3.1699999999999999 0.10000000000000001 0.079489088135147948
3.1800000000000002 0.10000000000000001 0.079591477493630852
3.1899999999999999 0.10000000000000001 0.079693355730053081
3.2000000000000002 0.10000000000000001 0.079794725395907484
3.21 0.10000000000000001 0.079895589029949948
3.2200000000000002 0.10000000000000001 0.079995949158263108
3.23 0.10000000000000001 0.080095808294319448
3.2400000000000002 0.10000000000000001 0.080195168939044381
3.25 0.10000000000000001 0.080294033580878846
3.2599999999999998 0.10000000000000001 0.080392404695841663
3.27 0.10000000000000001 0.080490284747591442
3.2799999999999998 0.10000000000000001 0.080587676187488466
3.29 0.10000000000000001 0.080684581454655915
3.2999999999999998 0.10000000000000001 0.080781002976041016
3.3100000000000001 0.10000000000000001 0.080876943166475812
3.3199999999999998 0.10000000000000001 0.080972404428737696
3.3300000000000001 0.10000000000000001 0.08106738915360949
3.3399999999999999 0.10000000000000001 0.081161899719939368
3.3500000000000001 0.10000000000000001 0.081255938494700405
3.3599999999999999 0.10000000000000001 0.081349507833049964
3.3700000000000001 0.10000000000000001 0.081442610078388475
3.3799999999999999 0.10000000000000001 0.081535247562418325
3.3900000000000001 0.10000000000000001 0.08162742260520213
3.3999999999999999 0.10000000000000001 0.081719137515220905
3.4100000000000001 0.10000000000000001 0.081810394589431817
3.4199999999999999 0.10000000000000001 0.081901196113325803
3.4300000000000002 0.10000000000000001 0.081991544360984769
3.4399999999999999 0.10000000000000001 0.082081441595138471
3.4500000000000002 0.10000000000000001 0.082170890067221294
3.46 0.10000000000000001 0.08225989201742856
3.4700000000000002 0.10000000000000001 0.082348449674772714
3.48 0.10000000000000001 0.082436565257139008
3.4900000000000002 0.10000000000000001 0.082524240971341256
3.5 0.10000000000000001 0.082611479013176919
3.5099999999999998 0.10000000000000001 0.082698281567482171
3.52 0.10000000000000001 0.082784650808186588
3.5299999999999998 0.10000000000000001 0.082870588898367653
3.54 0.10000000000000001 0.082956097990304872
3.5499999999999998 0.10000000000000001 0.083041180225533653
3.5600000000000001 0.10000000000000001 0.083125837734899038
3.5699999999999998 0.10000000000000001 0.083210072638608953
3.5800000000000001 0.10000000000000001 0.083293887046287471
3.5899999999999999 0.10000000000000001 0.083377283057027421
3.6000000000000001 0.10000000000000001 0.083460262759443127
3.6099999999999999 0.10000000000000001 0.083542828231722654
3.6200000000000001 0.10000000000000001 0.083624981541679938
3.6299999999999999 0.10000000000000001 0.083706724746806432
3.6400000000000001 0.10000000000000001 0.083788059894322711
3.6499999999999999 0.10000000000000001 0.083868989021229759
3.6600000000000001 0.10000000000000001 0.083949514154359958
3.6699999999999999 0.10000000000000001 0.084029637310427854
3.6800000000000002 0.10000000000000001 0.084109360496080712
3.6899999999999999 0.10000000000000001 0.084188685707948657
3.7000000000000002 0.10000000000000001 0.084267614932694801
3.71 0.10000000000000001 0.084346150147064966
3.7200000000000002 0.10000000000000001 0.084424293317937091
3.73 0.10000000000000001 0.08450204640237062
3.7400000000000002 0.10000000000000001 0.084579411347655509
3.75 0.10000000000000001 0.084656390091360847
3.7599999999999998 0.10000000000000001 0.084732984561383576
3.77 0.10000000000000001 0.084809196675996637
3.7799999999999998 0.10000000000000001 0.084885028343897093
3.79 0.10000000000000001 0.084960481464253904
3.7999999999999998 0.10000000000000001 0.085035557926755462
3.8100000000000001 0.10000000000000001 0.085110259611656913
3.8199999999999998 0.10000000000000001 0.085184588389827329
3.8300000000000001 0.10000000000000001 0.085258546122796458
3.8399999999999999 0.10000000000000001 0.08533213466280147
3.8500000000000001 0.10000000000000001 0.085405355852833209
3.8599999999999999 0.10000000000000001 0.085478211526682446
3.8700000000000001 0.10000000000000001 0.085550703508985734
3.8799999999999999 0.10000000000000001 0.085622833615271191
3.8900000000000001 0.10000000000000001 0.085694603652003862
3.8999999999999999 0.10000000000000001 0.085766015416631106
3.9100000000000001 0.10000000000000001 0.085837070697627429
3.9199999999999999 0.10000000000000001 0.085907771274539427
3.9300000000000002 0.10000000000000001 0.085978118918030283
3.9399999999999999 0.10000000000000001 0.086048115389924157
3.9500000000000002 0.10000000000000001 0.086117762443250256
3.96 0.10000000000000001 0.08618706182228679
3.9700000000000002 0.10000000000000001 0.086256015262604582
3.98 0.10000000000000001 0.086324624491110613
3.9900000000000002 0.10000000000000001 0.086392891226091256
4 0.10000000000000001 0.086460817177255234
4.0099999999999998 0.10000000000000001 0.086528404045776608
4.0199999999999996 0.10000000000000001 0.086595653524337166
4.0300000000000002 0.10000000000000001 0.086662567297168994
4.04 0.10000000000000001 0.08672914704009653
4.0499999999999998 0.10000000000000001 0.086795394420578667
4.0599999999999996 0.10000000000000001 0.086861311097750388
4.0700000000000003 0.10000000000000001 0.086926898722464285
4.0800000000000001 0.10000000000000001 0.08699215893733217
4.0899999999999999 0.10000000000000001 0.087057093376765912
4.0999999999999996 0.10000000000000001 0.087121703667018463
4.1100000000000003 0.10000000000000001 0.087185991426224671
4.1200000000000001 0.10000000000000001 0.087249958264441749
4.1299999999999999 0.10000000000000001 0.08731360578368956
4.1399999999999997 0.10000000000000001 0.087376935577990797
4.1500000000000004 0.10000000000000001 0.087439949233410849
4.1600000000000001 0.10000000000000001 0.087502648328097607
4.1699999999999999 0.10000000000000001 0.087565034432320873
4.1799999999999997 0.10000000000000001 0.087627109108511833
4.1900000000000004 0.10000000000000001 0.087688873911302034
4.2000000000000002 0.10000000000000001 0.087750330387562386
4.21 0.10000000000000001 0.087811480076441961
4.2199999999999998 0.10000000000000001 0.087872324509406477
4.2300000000000004 0.10000000000000001 0.087932865210276615
4.2400000000000002 0.10000000000000001 0.087993103695266223
4.25 0.10000000000000001 0.088053041473020385
4.2599999999999998 0.10000000000000001 0.088112680044653058
4.2699999999999996 0.10000000000000001 0.088172020903784676
4.2800000000000002 0.10000000000000001 0.088231065536579667
4.29 0.10000000000000001 0.088289815421783546
4.2999999999999998 0.10000000000000001 0.088348272030760081
4.3099999999999996 0.10000000000000001 0.088406436827528037
4.3200000000000003 0.10000000000000001 0.088464311268797918
4.3300000000000001 0.10000000000000001 0.088521896804008404
4.3399999999999999 0.10000000000000001 0.088579194875362588
4.3499999999999996 0.10000000000000001 0.088636206917864238
4.3600000000000003 0.10000000000000001 0.088692934359353645
4.3700000000000001 0.10000000000000001 0.08874937862054337
4.3799999999999999 0.10000000000000001 0.088805541115053913
4.3899999999999997 0.10000000000000001 0.088861423249448998
4.4000000000000004 0.10000000000000001 0.088917026423270928
4.4100000000000001 0.10000000000000001 0.088972352029075497
4.4199999999999999 0.10000000000000001 0.089027401452467028
4.4299999999999997 0.10000000000000001 0.08908217607213291
4.4400000000000004 0.10000000000000001 0.0891366772598782
4.4500000000000002 0.10000000000000001 0.089190906380660032
4.46 0.10000000000000001 0.089244864792621698
4.4699999999999998 0.10000000000000001 0.08929855384712676
4.4800000000000004 0.10000000000000001 0.089351974888792818
4.4900000000000002 0.10000000000000001 0.089405129255525226
4.5 0.10000000000000001 0.089458018278550586
4.5099999999999998 0.10000000000000001 0.089510643282450092
4.5199999999999996 0.10000000000000001 0.089563005585192729
4.5300000000000002 0.10000000000000001 0.089615106498168229
4.54 0.10000000000000001 0.089666947326219895
4.5499999999999998 0.10000000000000001 0.089718529367677408
4.5599999999999996 0.10000000000000001 0.089769853914389214
4.5700000000000003 0.10000000000000001 0.089820922251754934
4.5800000000000001 0.10000000000000001 0.089871735658757543
4.5899999999999999 0.10000000000000001 0.089922295407995401
4.5999999999999996 0.10000000000000001 0.08997260276571413
4.6100000000000003 0.10000000000000001 0.090022658991838339
4.6200000000000001 0.10000000000000001 0.090072465340003141
4.6299999999999999 0.10000000000000001 0.09012202305758564
4.6399999999999997 0.10000000000000001 0.090171333385735949
4.6500000000000004 0.10000000000000001 0.090220397559408583
4.6600000000000001 0.10000000000000001 0.090269216807393152
4.6699999999999999 0.10000000000000001 0.090317792352345258
4.6799999999999997 0.10000000000000001 0.090366125410817039
4.6900000000000004 0.10000000000000001 0.09041421719328771
4.7000000000000002 0.10000000000000001 0.090462068904193796
4.71 0.10000000000000001 0.090509681741959377
4.7199999999999998 0.10000000000000001 0.090557056899026073
4.7300000000000004 0.10000000000000001 0.0906041955618829
4.7400000000000002 0.10000000000000001 0.090651098911095934
4.75 0.10000000000000001 0.090697768121337979
4.7599999999999998 0.10000000000000001 0.09074420436141796
4.7699999999999996 0.10000000000000001 0.090790408794310079
4.7800000000000002 0.10000000000000001 0.090836382577183142
4.79 0.10000000000000001 0.090882126861429394
4.7999999999999998 0.10000000000000001 0.090927642792693358
4.8099999999999996 0.10000000000000001 0.090972931510900606
4.8200000000000003 0.10000000000000001 0.091017994150286247
4.8300000000000001 0.10000000000000001 0.091062831839423375
4.8399999999999999 0.10000000000000001 0.091107445701251288
4.8499999999999996 0.10000000000000001 0.091151836853103602
4.8600000000000003 0.10000000000000001 0.091196006406736335
4.8700000000000001 0.10000000000000001 0.091239955468355685
4.8799999999999999 0.10000000000000001 0.09128368513864564
4.8899999999999997 0.10000000000000001 0.091327196512795694
4.9000000000000004 0.10000000000000001 0.091370490680528216
4.9100000000000001 0.10000000000000001 0.091413568726125716
4.9199999999999999 0.10000000000000001 0.091456431728458062
4.9299999999999997 0.10000000000000001 0.091499080761009474
4.9400000000000004 0.10000000000000001 0.091541516891905317
4.9500000000000002 0.10000000000000001 0.091583741183938999
4.96 0.10000000000000001 0.091625754694598507
4.9699999999999998 0.10000000000000001 0.091667558476092967
4.9800000000000004 0.10000000000000001 0.091709153575378802
4.9900000000000002 0.10000000000000001 0.091750541034186173
5 0.10000000000000001 0.091791721889044983
5.0099999999999998 0.10000000000000001 0.091832697171310859
5.0199999999999996 0.10000000000000001 0.091873467907190892
5.0300000000000002 0.10000000000000001 0.091914035117769452
5.04 0.10000000000000001 0.091954399819033653
5.0499999999999998 0.10000000000000001 0.09199456302189897
5.0599999999999996 0.10000000000000001 0.092034525732234335
5.0700000000000003 0.10000000000000001 0.09207428895088747
5.0800000000000001 0.10000000000000001 0.092113853673709958
5.0899999999999999 0.10000000000000001 0.09215322089158208
5.0999999999999996 0.10000000000000001 0.092192391590437739
5.1100000000000003 0.10000000000000001 0.092231366751289123
5.1200000000000001 0.10000000000000001 0.092270147350251214
5.1299999999999999 0.10000000000000001 0.092308734358566347
5.1399999999999997 0.10000000000000001 0.092347128742628404
5.1500000000000004 0.10000000000000001 0.092385331464007153
5.1600000000000001 0.10000000000000001 0.092423343479472175
5.1699999999999999 0.10000000000000001 0.09246116574101701
5.1799999999999997 0.10000000000000001 0.092498799195882789
5.1900000000000004 0.10000000000000001 0.092536244786582136
5.2000000000000002 0.10000000000000001 0.092573503450922717
5.21 0.10000000000000001 0.092610576122030649
5.2199999999999998 0.10000000000000001 0.092647463728373985
5.2300000000000004 0.10000000000000001 0.092684167193785916
5.2400000000000002 0.10000000000000001 0.092720687437487903
5.25 0.10000000000000001 0.092757025374112706
5.2599999999999998 0.10000000000000001 0.092793181913727249
5.2699999999999996 0.10000000000000001 0.09282915796185548
5.2800000000000002 0.10000000000000001 0.092864954419501086
5.29 0.10000000000000001 0.092900572183169869
5.2999999999999998 0.10000000000000001 0.09293601214489243
5.3099999999999996 0.10000000000000001 0.092971275192246336
5.3200000000000003 0.10000000000000001 0.093006362208378476
5.3300000000000001 0.10000000000000001 0.093041274072027086
5.3399999999999999 0.10000000000000001 0.093076011657543742
5.3499999999999996 0.10000000000000001 0.093110575834915374
5.3600000000000003 0.10000000000000001 0.093144967469785983
5.3700000000000001 0.10000000000000001 0.093179187423478277
5.3799999999999999 0.10000000000000001 0.093213236553015347
5.3899999999999997 0.10000000000000001 0.093247115711141984
5.4000000000000004 0.10000000000000001 0.093280825746346219
5.4100000000000001 0.10000000000000001 0.093314367502880427
5.4199999999999999 0.10000000000000001 0.093347741820782523
5.4299999999999997 0.10000000000000001 0.093380949535897054
5.4400000000000004 0.10000000000000001 0.093413991479895986
5.4500000000000002 0.10000000000000001 0.093446868480299677
5.46 0.10000000000000001 0.093479581360497555
5.4699999999999998 0.10000000000000001 0.093512130939768748
5.4800000000000004 0.10000000000000001 0.093544518033302548
5.4900000000000002 0.10000000000000001 0.093576743452218808
5.5 0.10000000000000001 0.093608808003588492
5.5099999999999998 0.10000000000000001 0.093640712490453554
5.5199999999999996 0.10000000000000001 0.093672457711847262
5.5300000000000002 0.10000000000000001 0.093704044462814176
5.54 0.10000000000000001 0.093735473534429986
5.5499999999999998 0.10000000000000001 0.093766745713821389
5.5599999999999996 0.10000000000000001 0.093797861784185851
5.5700000000000003 0.10000000000000001 0.093828822524811062
5.5800000000000001 0.10000000000000001 0.093859628711094642
5.5899999999999999 0.10000000000000001 0.093890281114563393
5.5999999999999996 0.10000000000000001 0.093920780502892778
5.6100000000000003 0.10000000000000001 0.093951127639925983
5.6200000000000001 0.10000000000000001 0.093981323285693183
5.6299999999999999 0.10000000000000001 0.094011368196430523
5.6399999999999997 0.10000000000000001 0.094041263124599025
5.6500000000000004 0.10000000000000001 0.094071008818903498
5.6600000000000001 0.10000000000000001 0.094100606024311223
5.6699999999999999 0.10000000000000001 0.094130055482070665
5.6799999999999997 0.10000000000000001 0.094159357929730042
5.6900000000000004 0.10000000000000001 0.094188514101155765
5.7000000000000002 0.10000000000000001 0.094217524726550816
5.71 0.10000000000000001 0.094246390532473023
5.7199999999999998 0.10000000000000001 0.094275112241853309
5.7300000000000004 0.10000000000000001 0.094303690574013735
5.7400000000000002 0.10000000000000001 0.094332126244685566
5.75 0.10000000000000001 0.094360419966027162
5.7599999999999998 0.10000000000000001 0.094388572446641908
5.7699999999999996 0.10000000000000001 0.094416584391595726
5.7800000000000002 0.10000000000000001 0.094444456502434992
5.79 0.10000000000000001 0.094472189477203997
5.7999999999999998 0.10000000000000001 0.094499784010462426
5.8099999999999996 0.10000000000000001 0.094527240793302728
5.8200000000000003 0.10000000000000001 0.094554560513367469
5.8300000000000001 0.10000000000000001 0.094581743854866576
5.8399999999999999 0.10000000000000001 0.094608791498594413
5.8499999999999996 0.10000000000000001 0.094635704121946856
5.8600000000000003 0.10000000000000001 0.09466248239893825
5.8700000000000001 0.10000000000000001 0.094689127000218323
5.8799999999999999 0.10000000000000001 0.094715638593088944
5.8899999999999997 0.10000000000000001 0.094742017841520837
5.9000000000000004 0.10000000000000001 0.094768265406170227
5.9100000000000001 0.10000000000000001 0.094794381944395351
5.9199999999999999 0.10000000000000001 0.094820368110273001
5.9299999999999997 0.10000000000000001 0.094846224554614833
5.9400000000000004 0.10000000000000001 0.094871951924983711
5.9500000000000002 0.10000000000000001 0.094897550865709876
5.96 0.10000000000000001 0.094923022017907088
5.9699999999999998 0.10000000000000001 0.094948366019488709
5.9800000000000004 0.10000000000000001 0.094973583505183701
5.9900000000000002 0.10000000000000001 0.094998675106552466
6 0.10000000000000001 0.095023641452002733
6.0099999999999998 0.10000000000000001 0.095048483166805198
6.0199999999999996 0.10000000000000001 0.09507320087310929
6.0300000000000002 0.10000000000000001 0.095097795189958659
6.04 0.10000000000000001 0.095122266733306746
6.0499999999999998 0.10000000000000001 0.095146616116032201
6.0599999999999996 0.10000000000000001 0.095170843947954165
6.0700000000000003 0.10000000000000001 0.095194950835847669
6.0800000000000001 0.10000000000000001 0.095218937383458713
6.0899999999999999 0.10000000000000001 0.095242804191519453
6.0999999999999996 0.10000000000000001 0.095266551857763171
6.1100000000000003 0.10000000000000001 0.095290180976939309
6.1200000000000001 0.10000000000000001 0.095313692140828465
6.1299999999999999 0.10000000000000001 0.095337085938256919
6.1399999999999997 0.10000000000000001 0.095360362955111716
6.1500000000000004 0.10000000000000001 0.095383523774355106
6.1600000000000001 0.10000000000000001 0.095406568976039219
6.1699999999999999 0.10000000000000001 0.095429499137320628
6.1799999999999997 0.10000000000000001 0.095452314832474794
6.1900000000000004 0.10000000000000001 0.095475016632910359
6.2000000000000002 0.10000000000000001 0.095497605107183609
6.21 0.10000000000000001 0.095520080821012529
6.2199999999999998 0.10000000000000001 0.095542444337291144
6.2300000000000004 0.10000000000000001 0.095564696216103528
6.2400000000000002 0.10000000000000001 0.095586837014737844
6.25 0.10000000000000001 0.095608867287700267
6.2599999999999998 0.10000000000000001 0.095630787586728952
6.2699999999999996 0.10000000000000001 0.095652598460807828
6.2800000000000002 0.10000000000000001 0.09567430045618025
6.29 0.10000000000000001 0.095695894116362826
6.2999999999999998 0.10000000000000001 0.095717379982158929
6.3099999999999996 0.10000000000000001 0.095738758591672274
6.3200000000000003 0.10000000000000001 0.095760030480320377
6.3300000000000001 0.10000000000000001 0.095781196180848002
6.3399999999999999 0.10000000000000001 0.095802256223340473
6.3499999999999996 0.10000000000000001 0.09582321113523698
6.3600000000000003 0.10000000000000001 0.09584406144134372
6.3700000000000001 0.10000000000000001 0.095864807663847112
6.3799999999999999 0.10000000000000001 0.095885450322326829
6.3899999999999997 0.10000000000000001 0.095905989933768893
6.4000000000000004 0.10000000000000001 0.095926427012578488
6.4100000000000001 0.10000000000000001 0.095946762070592925
6.4199999999999999 0.10000000000000001 0.095966995617094486
6.4299999999999997 0.10000000000000001 0.09598712815882314
6.4400000000000004 0.10000000000000001 0.0960071601999892
6.4500000000000002 0.10000000000000001 0.096027092242286019
6.46 0.10000000000000001 0.096046924784902524
6.4699999999999998 0.10000000000000001 0.096066658324535745
6.4800000000000004 0.10000000000000001 0.096086293355403127
6.4900000000000002 0.10000000000000001 0.096105830369255116
6.5 0.10000000000000001 0.096125269855387344
6.5099999999999998 0.10000000000000001 0.096144612300652868
6.5199999999999996 0.10000000000000001 0.096163858189474427
6.5300000000000002 0.10000000000000001 0.096183008003856527
6.54 0.10000000000000001 0.096202062223397583
6.5499999999999998 0.10000000000000001 0.096221021325301831
6.5599999999999996 0.10000000000000001 0.096239885784391355
6.5700000000000003 0.10000000000000001 0.09625865607311794
6.5800000000000001 0.10000000000000001 0.096277332661574927
6.5899999999999999 0.10000000000000001 0.096295916017508976
6.5999999999999996 0.10000000000000001 0.096314406606331782
6.6100000000000003 0.10000000000000001 0.09633280489113169
6.6200000000000001 0.10000000000000001 0.096351111332685438
6.6299999999999999 0.10000000000000001 0.09636932638946949
6.6399999999999997 0.10000000000000001 0.096387450517671627
6.6500000000000004 0.10000000000000001 0.096405484171202427
6.6600000000000001 0.10000000000000001 0.09642342780170654
6.6699999999999999 0.10000000000000001 0.096441281858574007
6.6799999999999997 0.10000000000000001 0.096459046788951577
6.6900000000000004 0.10000000000000001 0.09647672303775387
6.7000000000000002 0.10000000000000001 0.096494311047674475
6.71 0.10000000000000001 0.096511811259197069
6.7199999999999998 0.10000000000000001 0.096529224110606521
6.7300000000000004 0.10000000000000001 0.096546550037999779
6.7400000000000002 0.10000000000000001 0.096563789475296813
6.75 0.10000000000000001 0.096580942854251492
6.7599999999999998 0.10000000000000001 0.096598010604462381
6.7699999999999996 0.10000000000000001 0.096614993153383538
6.7800000000000002 0.10000000000000001 0.096631890926335159
6.79 0.10000000000000001 0.096648704346514305
6.7999999999999998 0.10000000000000001 0.096665433835005435
6.8099999999999996 0.10000000000000001 0.096682079810790952
6.8200000000000003 0.10000000000000001 0.096698642690761796
6.8300000000000001 0.10000000000000001 0.096715122889727778
6.8399999999999999 0.10000000000000001 0.096731520820427921
6.8499999999999996 0.10000000000000001 0.096747836893541009
6.8600000000000003 0.10000000000000001 0.09676407151769563
6.8700000000000001 0.10000000000000001 0.096780225099480602
6.8799999999999999 0.10000000000000001 0.09679629804345502
6.8899999999999997 0.10000000000000001 0.096812290752158456
6.9000000000000004 0.10000000000000001 0.096828203626121087
6.9100000000000001 0.10000000000000001 0.096844037063873539
6.9199999999999999 0.10000000000000001 0.096859791461957098
6.9299999999999997 0.10000000000000001 0.096875467214933522
6.9400000000000004 0.10000000000000001 0.096891064715394909
6.9500000000000002 0.10000000000000001 0.096906584353973549
6.96 0.10000000000000001 0.096922026519351751
6.9699999999999998 0.10000000000000001 0.096937391598271555
6.9800000000000004 0.10000000000000001 0.096952679975544354
6.9900000000000002 0.10000000000000001 0.096967892034060615
7 0.10000000000000001 0.096983028154799478
7.0099999999999998 0.10000000000000001 0.096998088716838141
7.0199999999999996 0.10000000000000001 0.097013074097361582
7.0300000000000002 0.10000000000000001 0.097027984671671855
7.04 0.10000000000000001 0.097042820813197511
7.0499999999999998 0.10000000000000001 0.097057582893502983
7.0599999999999996 0.10000000000000001 0.097072271282297867
7.0700000000000003 0.10000000000000001 0.097086886347446194
7.0800000000000001 0.10000000000000001 0.097101428454975616
7.0899999999999999 0.10000000000000001 0.097115897969086637
7.0999999999999996 0.10000000000000001 0.097130295252161658
7.1100000000000003 0.10000000000000001 0.097144620664774112
7.1200000000000001 0.10000000000000001 0.097158874565697426
7.1299999999999999 0.10000000000000001 0.097173057311914099
7.1399999999999997 0.10000000000000001 0.09718716925862457
7.1500000000000004 0.10000000000000001 0.097201210759256154
7.1600000000000001 0.10000000000000001 0.097215182165471814
7.1699999999999999 0.10000000000000001 0.097229083827179111
7.1799999999999997 0.10000000000000001 0.097242916092538878
7.1900000000000004 0.10000000000000001 0.097256679307973881
7.2000000000000002 0.10000000000000001 0.097270373818177616
7.21 0.10000000000000001 0.097283999966122886
7.2199999999999998 0.10000000000000001 0.097297558093070391
7.2300000000000004 0.10000000000000001 0.097311048538577249
7.2400000000000002 0.10000000000000001 0.097324471640505547
7.25 0.10000000000000001 0.097337827735030802
7.2599999999999998 0.10000000000000001 0.097351117156650332
7.2699999999999996 0.10000000000000001 0.097364340238191682
7.2800000000000002 0.10000000000000001 0.097377497310820904
7.29 0.10000000000000001 0.097390588704050943
7.2999999999999998 0.10000000000000001 0.097403614745749781
7.3099999999999996 0.10000000000000001 0.097416575762148738
7.3200000000000003 0.10000000000000001 0.097429472077850604
7.3300000000000001 0.10000000000000001 0.097442304015837741
7.3399999999999999 0.10000000000000001 0.097455071897480233
7.3499999999999996 0.10000000000000001 0.097467776042543849
7.3600000000000003 0.10000000000000001 0.097480416769198192
7.3700000000000001 0.10000000000000001 0.097492994394024479
7.3799999999999999 0.10000000000000001 0.097505509232023654
7.3899999999999997 0.10000000000000001 0.097517961596624139
7.4000000000000004 0.10000000000000001 0.097530351799689788
7.4100000000000001 0.10000000000000001 0.097542680151527589
7.4199999999999999 0.10000000000000001 0.097554946960895561
7.4299999999999997 0.10000000000000001 0.097567152535010346
7.4400000000000004 0.10000000000000001 0.097579297179555047
7.4500000000000002 0.10000000000000001 0.097591381198686739
7.46 0.10000000000000001 0.097603404895044252
7.4699999999999998 0.10000000000000001 0.097615368569755598
7.4800000000000004 0.10000000000000001 0.097627272522445588
7.4900000000000002 0.10000000000000001 0.097639117051243285
7.5 0.10000000000000001 0.097650902452789581
7.5099999999999998 0.10000000000000001 0.097662629022244526
7.5199999999999996 0.10000000000000001 0.097674297053294723
7.5300000000000002 0.10000000000000001 0.097685906838160724
7.54 0.10000000000000001 0.09769745866760432
7.5499999999999998 0.10000000000000001 0.097708952830935891
7.5599999999999996 0.10000000000000001 0.097720389616021516
7.5700000000000003 0.10000000000000001 0.097731769309290298
7.5800000000000001 0.10000000000000001 0.097743092195741468
7.5899999999999999 0.10000000000000001 0.097754358558951648
7.5999999999999996 0.10000000000000001 0.097765568681081771
7.6100000000000003 0.10000000000000001 0.097776722842884259
7.6200000000000001 0.10000000000000001 0.097787821323710056
7.6299999999999999 0.10000000000000001 0.09779886440151557
7.6399999999999997 0.10000000000000001 0.097809852352869708
7.6500000000000004 0.10000000000000001 0.097820785452960732
7.6600000000000001 0.10000000000000001 0.097831663975603195
7.6699999999999999 0.10000000000000001 0.097842488193244731
7.6799999999999997 0.10000000000000001 0.097853258376972993
7.6900000000000004 0.10000000000000001 0.097863974796522354
7.7000000000000002 0.10000000000000001 0.097874637720280697
7.71 0.10000000000000001 0.097885247415296112
7.7199999999999998 0.10000000000000001 0.097895804147283605
7.7300000000000004 0.10000000000000001 0.097906308180631757
7.7400000000000002 0.10000000000000001 0.097916759778409329
7.75 0.10000000000000001 0.097927159202371841
7.7599999999999998 0.10000000000000001 0.097937506712968192
7.7699999999999996 0.10000000000000001 0.097947802569347042
7.7800000000000002 0.10000000000000001 0.097958047029363532
7.79 0.10000000000000001 0.097968240349585456
7.7999999999999998 0.10000000000000001 0.097978382785299967
7.8099999999999996 0.10000000000000001 0.097988474590519722
7.8200000000000003 0.10000000000000001 0.097998516017989437
7.8300000000000001 0.10000000000000001 0.098008507319192126
7.8399999999999999 0.10000000000000001 0.098018448744355391
7.8499999999999996 0.10000000000000001 0.098028340542457765
7.8600000000000003 0.10000000000000001 0.098038182961234815
7.8700000000000001 0.10000000000000001 0.098047976247185462
7.8799999999999999 0.10000000000000001 0.098057720645578175
7.8899999999999997 0.10000000000000001 0.098067416400456964
7.9000000000000004 0.10000000000000001 0.098077063754647628
7.9100000000000001 0.10000000000000001 0.098086662949763787
7.9199999999999999 0.10000000000000001 0.098096214226212938
7.9299999999999997 0.10000000000000001 0.098105717823202473
7.9400000000000004 0.10000000000000001 0.098115173978745696
7.9500000000000002 0.10000000000000001 0.098124582929667747
7.96 0.10000000000000001 0.098133944911611551
7.9699999999999998 0.10000000000000001 0.098143260159043705
7.9800000000000004 0.10000000000000001 0.098152528905260356
7.9900000000000002 0.10000000000000001 0.098161751382393067
8 0.10000000000000001 0.098170927821414636
8.0099999999999998 0.10000000000000001 0.098180058452144781
8.0199999999999996 0.10000000000000001 0.098189143503256027
8.0299999999999994 0.10000000000000001 0.098198183202279424
8.0399999999999991 0.10000000000000001 0.098207177775610111
8.0500000000000007 0.10000000000000001 0.098216127448513102
8.0600000000000005 0.10000000000000001 0.098225032445128924
8.0700000000000003 0.10000000000000001 0.098233892988479177
8.0800000000000001 0.10000000000000001 0.098242709300472172
8.0899999999999999 0.10000000000000001 0.098251481601908469
8.0999999999999996 0.10000000000000001 0.098260210112486368
8.1099999999999994 0.10000000000000001 0.098268895050807506
8.1199999999999992 0.10000000000000001 0.098277536634382184
8.1300000000000008 0.10000000000000001 0.098286135079635004
8.1400000000000006 0.10000000000000001 0.098294690601910137
8.1500000000000004 0.10000000000000001 0.09830320341547677
8.1600000000000001 0.10000000000000001 0.098311673733534471
8.1699999999999999 0.10000000000000001 0.09832010176821851
8.1799999999999997 0.10000000000000001 0.098328487730605221
8.1899999999999995 0.10000000000000001 0.098336831830717245
8.1999999999999993 0.10000000000000001 0.098345134277528806
8.2100000000000009 0.10000000000000001 0.098353395278970912
8.2200000000000006 0.10000000000000001 0.098361615041936634
8.2300000000000004 0.10000000000000001 0.09836979377228619
8.2400000000000002 0.10000000000000001 0.098377931674852259
8.25 0.10000000000000001 0.098386028953444865
8.2599999999999998 0.10000000000000001 0.098394085810856707
8.2699999999999996 0.10000000000000001 0.098402102448868128
8.2799999999999994 0.10000000000000001 0.098410079068252249
8.2899999999999991 0.10000000000000001 0.098418015868779879
8.3000000000000007 0.10000000000000001 0.098425913049224587
8.3100000000000005 0.10000000000000001 0.098433770807367704
8.3200000000000003 0.10000000000000001 0.098441589340003258
8.3300000000000001 0.10000000000000001 0.098449368842942794
8.3399999999999999 0.10000000000000001 0.098457109511020532
8.3499999999999996 0.10000000000000001 0.098464811538097954
8.3599999999999994 0.10000000000000001 0.098472475117068872
8.3699999999999992 0.10000000000000001 0.098480100439864188
8.3800000000000008 0.10000000000000001 0.098487687697456638
8.3900000000000006 0.10000000000000001 0.098495237079865641
8.4000000000000004 0.10000000000000001 0.098502748776162108
8.4100000000000001 0.10000000000000001 0.098510222974473066
8.4199999999999999 0.10000000000000001 0.098517659861986434
8.4299999999999997 0.10000000000000001 0.09852505962495571
8.4399999999999995 0.10000000000000001 0.098532422448704651
8.4499999999999993 0.10000000000000001 0.098539748517631823
8.4600000000000009 0.10000000000000001 0.098547038015215291
8.4700000000000006 0.10000000000000001 0.098554291124017285
8.4800000000000004 0.10000000000000001 0.098561508025688582
8.4900000000000002 0.10000000000000001 0.09856868890097327
8.5 0.10000000000000001 0.098575833929713128
8.5099999999999998 0.10000000000000001 0.098582943290852154
8.5199999999999996 0.10000000000000001 0.098590017162441118
8.5299999999999994 0.10000000000000001 0.09859705572164193
8.5399999999999991 0.10000000000000001 0.098604059144732137
8.5500000000000007 0.10000000000000001 0.098611027607109283
8.5600000000000005 0.10000000000000001 0.098617961283295363
8.5700000000000003 0.10000000000000001 0.098624860346941221
8.5800000000000001 0.10000000000000001 0.098631724970830753
8.5899999999999999 0.10000000000000001 0.098638555326885355
8.5999999999999996 0.10000000000000001 0.098645351586168259
8.6099999999999994 0.10000000000000001 0.098652113918888687
8.6199999999999992 0.10000000000000001 0.098658842494406207
8.6300000000000008 0.10000000000000001 0.098665537481234938
8.6400000000000006 0.10000000000000001 0.098672199047047854
8.6500000000000004 0.10000000000000001 0.098678827358680846
8.6600000000000001 0.10000000000000001 0.098685422582136972
8.6699999999999999 0.10000000000000001 0.098691984882590664
8.6799999999999997 0.10000000000000001 0.098698514424391745
8.6899999999999995 0.10000000000000001 0.09870501137106967
8.6999999999999993 0.10000000000000001 0.098711475885337518
8.7100000000000009 0.10000000000000001 0.09871790812909613
8.7200000000000006 0.10000000000000001 0.098724308263438171
8.7300000000000004 0.10000000000000001 0.098730676448652119
8.7400000000000002 0.10000000000000001 0.098737012844226299
8.75 0.10000000000000001 0.098743317608852896
8.7599999999999998 0.10000000000000001 0.098749590900431852
8.7699999999999996 0.10000000000000001 0.098755832876074964
8.7799999999999994 0.10000000000000001 0.098762043692109669
8.7899999999999991 0.10000000000000001 0.098768223504083097
8.8000000000000007 0.10000000000000001 0.098774372466765833
8.8100000000000005 0.10000000000000001 0.098780490734155887
8.8200000000000003 0.10000000000000001 0.09878657845948248
8.8300000000000001 0.10000000000000001 0.098792635795209957
8.8399999999999999 0.10000000000000001 0.098798662893041567
8.8499999999999996 0.10000000000000001 0.098804659903923273
8.8599999999999994 0.10000000000000001 0.098810626978047475
8.8699999999999992 0.10000000000000001 0.098816564264856896
8.8800000000000008 0.10000000000000001 0.098822471913048188
8.8900000000000006 0.10000000000000001 0.098828350070575721
8.9000000000000004 0.10000000000000001 0.098834198884655333
8.9100000000000001 0.10000000000000001 0.098840018501767934
8.9199999999999999 0.10000000000000001 0.098845809067663201
8.9299999999999997 0.10000000000000001 0.098851570727363253
8.9399999999999995 0.10000000000000001 0.098857303625166246
8.9499999999999993 0.10000000000000001 0.098863007904650038
8.9600000000000009 0.10000000000000001 0.098868683708675742
8.9700000000000006 0.10000000000000001 0.098874331179391317
8.9800000000000004 0.10000000000000001 0.098879950458235125
8.9900000000000002 0.10000000000000001 0.098885541685939465
9 0.10000000000000001 0.098891105002534091
9.0099999999999998 0.10000000000000001 0.098896640547349826
9.0199999999999996 0.10000000000000001 0.098902148459021844
9.0299999999999994 0.10000000000000001 0.0989076288754933
9.0399999999999991 0.10000000000000001 0.098913081934018807
9.0500000000000007 0.10000000000000001 0.098918507771167744
9.0600000000000005 0.10000000000000001 0.098923906522827731
9.0700000000000003 0.10000000000000001 0.0989292783242081
9.0800000000000001 0.10000000000000001 0.098934623309843192
9.0899999999999999 0.10000000000000001 0.098939941613595775
9.0999999999999996 0.10000000000000001 0.098945233368660346
9.1099999999999994 0.10000000000000001 0.098950498707566545
9.1199999999999992 0.10000000000000001 0.098955737762182375
9.1300000000000008 0.10000000000000001 0.098960950663717684
9.1400000000000006 0.10000000000000001 0.098966137542727192
9.1500000000000004 0.10000000000000001 0.098971298529113932
9.1600000000000001 0.10000000000000001 0.098976433752132525
9.1699999999999999 0.10000000000000001 0.098981543340392275
9.1799999999999997 0.10000000000000001 0.098986627421860582
9.1899999999999995 0.10000000000000001 0.098991686123865927
9.1999999999999993 0.10000000000000001 0.098996719573101258
9.2100000000000009 0.10000000000000001 0.099001727895627001
9.2200000000000006 0.10000000000000001 0.099006711216874405
9.2300000000000004 0.10000000000000001 0.099011669661648441
9.2400000000000002 0.10000000000000001 0.099016603354131164
9.25 0.10000000000000001 0.099021512417884677
9.2599999999999998 0.10000000000000001 0.099026396975854261
9.2699999999999996 0.10000000000000001 0.099031257150371504
9.2799999999999994 0.10000000000000001 0.099036093063157263
9.2899999999999991 0.10000000000000001 0.099040904835324794
9.3000000000000007 0.10000000000000001 0.099045692587382772
9.3100000000000005 0.10000000000000001 0.099050456439238321
9.3200000000000003 0.10000000000000001 0.099055196510199936
9.3300000000000001 0.10000000000000001 0.099059912918980544
9.3399999999999999 0.10000000000000001 0.099064605783700521
9.3499999999999996 0.10000000000000001 0.099069275221890532
9.3599999999999994 0.10000000000000001 0.099073921350494559
9.3699999999999992 0.10000000000000001 0.09907854428587283
9.3800000000000008 0.10000000000000001 0.099083144143804633
9.3900000000000006 0.10000000000000001 0.099087721039491372
9.4000000000000004 0.10000000000000001 0.099092275087559342
9.4100000000000001 0.10000000000000001 0.099096806402062629
9.4199999999999999 0.10000000000000001 0.099101315096485953
9.4299999999999997 0.10000000000000001 0.099105801283747533
9.4399999999999995 0.10000000000000001 0.09911026507620195
9.4499999999999993 0.10000000000000001 0.099114706585642851
9.4600000000000009 0.10000000000000001 0.099119125923305837
9.4700000000000006 0.10000000000000001 0.09912352319987125
9.4800000000000004 0.10000000000000001 0.099127898525466898
9.4900000000000002 0.10000000000000001 0.099132252009670851
9.5 0.10000000000000001 0.099136583761514144
9.5099999999999998 0.10000000000000001 0.09914089388948355
9.5199999999999996 0.10000000000000001 0.099145182501524334
9.5299999999999994 0.10000000000000001 0.099149449705042789
9.5399999999999991 0.10000000000000001 0.099153695606909148
9.5500000000000007 0.10000000000000001 0.099157920313460129
9.5600000000000005 0.10000000000000001 0.099162123930501597
9.5700000000000003 0.10000000000000001 0.099166306563311199
9.5800000000000001 0.10000000000000001 0.099170468316641142
9.5899999999999999 0.10000000000000001 0.099174609294720675
9.5999999999999996 0.10000000000000001 0.099178729601258717
9.6099999999999994 0.10000000000000001 0.099182829339446513
9.6199999999999992 0.10000000000000001 0.09918690861196014
9.6300000000000008 0.10000000000000001 0.099190967520963153
9.6400000000000006 0.10000000000000001 0.099195006168109112
9.6500000000000004 0.10000000000000001 0.099199024654544096
9.6600000000000001 0.10000000000000001 0.09920302308090935
9.6699999999999999 0.10000000000000001 0.09920700154734359
9.6799999999999997 0.10000000000000001 0.09921096015348578
9.6899999999999995 0.10000000000000001 0.099214898998477408
9.6999999999999993 0.10000000000000001 0.099218818180965035
9.7100000000000009 0.10000000000000001 0.099222717799102925
9.7200000000000006 0.10000000000000001 0.099226597950555176
9.7300000000000004 0.10000000000000001 0.099230458732498458
9.7400000000000002 0.10000000000000001 0.099234300241624343
9.75 0.10000000000000001 0.099238122574141677
9.7599999999999998 0.10000000000000001 0.099241925825779065
9.7699999999999996 0.10000000000000001 0.099245710091787273
9.7799999999999994 0.10000000000000001 0.099249475466941503
9.7899999999999991 0.10000000000000001 0.099253222045543904
9.8000000000000007 0.10000000000000001 0.099256949921425836
9.8100000000000005 0.10000000000000001 0.099260659187950281
9.8200000000000003 0.10000000000000001 0.099264349938014154
9.8300000000000001 0.10000000000000001 0.099268022264050654
9.8399999999999999 0.10000000000000001 0.099271676258031516
9.8499999999999996 0.10000000000000001 0.099275312011469385
9.8599999999999994 0.10000000000000001 0.099278929615420064
9.8699999999999992 0.10000000000000001 0.099282529160484828
9.8800000000000008 0.10000000000000001 0.099286110736812677
9.8900000000000006 0.10000000000000001 0.099289674434102568
9.9000000000000004 0.10000000000000001 0.099293220341605704
9.9100000000000001 0.10000000000000001 0.099296748548127756
9.9199999999999999 0.10000000000000001 0.099300259142031028
9.9299999999999997 0.10000000000000001 0.099303752211236815
9.9399999999999995 0.10000000000000001 0.099307227843227444
9.9499999999999993 0.10000000000000001 0.099310686125048578
9.9600000000000009 0.10000000000000001 0.099314127143311337
9.9700000000000006 0.10000000000000001 0.099317550984194453
9.9800000000000004 0.10000000000000001 0.099320957733446513
9.9900000000000002 0.10000000000000001 0.099324347476387992
