0 0 0
0 0.10000000000000001 0
0.002 0.10000000000000001 1.1700689646383267e-06
0.0040000000000000001 0.10000000000000001 8.0871595313859947e-06
0.0060000000000000001 0.10000000000000001 2.5957445214712972e-05
0.0080000000000000002 0.10000000000000001 5.9063411543681288e-05
0.01 0.10000000000000001 0.00011175963531799138
0.012 0.10000000000000001 0.00018821462783239512
0.014 0.10000000000000001 0.00029238901575339446
0.016 0.10000000000000001 0.00042801646776899246
0.017999999999999999 0.10000000000000001 0.00059858666404634788
0.02 0.10000000000000001 0.00080733003644883059
0.021999999999999999 0.10000000000000001 0.0010572041791983276
0.024 0.10000000000000001 0.0013508819014910868
0.025999999999999999 0.10000000000000001 0.0016907409232838288
0.028000000000000001 0.10000000000000001 0.0020788552260823973
0.029999999999999999 0.10000000000000001 0.0025169880719965211
0.032000000000000001 0.10000000000000001 0.0030065867011253595
0.034000000000000002 0.10000000000000001 0.0035487787117277677
0.035999999999999997 0.10000000000000001 0.0041443701207499496
0.037999999999999999 0.10000000000000001 0.0047938450947490937
0.040000000000000001 0.10000000000000001 0.0054973673334166723
0.042000000000000003 0.10000000000000001 0.0062547830799810564
0.043999999999999997 0.10000000000000001 0.0070656257248878918
0.045999999999999999 0.10000000000000001 0.0079291219614015442
0.048000000000000001 0.10000000000000001 0.0088441994441899284
0.050000000000000003 0.10000000000000001 0.0098094958945643494
0.051999999999999998 0.10000000000000001 0.010823369588818851
0.053999999999999999 0.10000000000000001 0.011883911158963185
0.056000000000000001 0.10000000000000001 0.012988956627869653
0.058000000000000003 0.10000000000000001 0.014136101593047219
0.059999999999999998 0.10000000000000001 0.015322716464083303
0.062 0.10000000000000001 0.016545962646525646
0.064000000000000001 0.10000000000000001 0.017802809545878227
0.066000000000000003 0.10000000000000001 0.019090052230934199
0.068000000000000005 0.10000000000000001 0.020404329525019936
0.070000000000000007 0.10000000000000001 0.021742142131279851
0.071999999999999995 0.10000000000000001 0.023099533252649216
0.073999999999999996 0.10000000000000001 0.024473540533951055
0.075999999999999998 0.10000000000000001 0.025860055912690826
0.078 0.10000000000000001 0.027254729630891188
0.080000000000000002 0.10000000000000001 0.028653489100653424
0.082000000000000003 0.10000000000000001 0.030051866215417604
0.084000000000000005 0.10000000000000001 0.031446354882004549
0.085999999999999993 0.10000000000000001 0.032833148484793503
0.087999999999999995 0.10000000000000001 0.034209207030096597
0.089999999999999997 0.10000000000000001 0.035570481272473344
0.091999999999999998 0.10000000000000001 0.036913962399980467
0.094 0.10000000000000001 0.038236262037495639
0.096000000000000002 0.10000000000000001 0.039532772788910944
0.098000000000000004 0.10000000000000001 0.040800784328302045
0.10000000000000001 0.10000000000000001 0.042037140468896103
0.10199999999999999 0.10000000000000001 0.043238852838638452
0.104 0.10000000000000001 0.044403114742686434
0.106 0.10000000000000001 0.045527313909180828
0.108 0.10000000000000001 0.046609044076485563
0.11 0.10000000000000001 0.047646115382933132
0.112 0.10000000000000001 0.048636563523724315
0.114 0.10000000000000001 0.049578657644375357
0.11600000000000001 0.10000000000000001 0.050470906945696239
0.11799999999999999 0.10000000000000001 0.051312065981419033
0.12 0.10000000000000001 0.052101138636052167
0.122 0.10000000000000001 0.052837380777161158
0.124 0.10000000000000001 0.05352030158296181
0.126 0.10000000000000001 0.054149663552777026
0.128 0.10000000000000001 0.054725481214492125
0.13 0.10000000000000001 0.055248018549592458
0.13200000000000001 0.10000000000000001 0.055717785162635265
0.13400000000000001 0.10000000000000001 0.056135531228047493
0.13600000000000001 0.10000000000000001 0.056502241252908342
0.13800000000000001 0.10000000000000001 0.056819126699813975
0.14000000000000001 0.10000000000000001 0.057087617518967015
0.14199999999999999 0.10000000000000001 0.057309352643190134
0.14399999999999999 0.10000000000000001 0.057486169503484071
0.14599999999999999 0.10000000000000001 0.057620092625781355
0.14799999999999999 0.10000000000000001 0.05771332137120759
0.14999999999999999 0.10000000000000001 0.057768216881485764
0.152 0.10000000000000001 0.057787288286013337
0.154 0.10000000000000001 0.0577731782127551
0.156 0.10000000000000001 0.057729388583327546
0.158 0.10000000000000001 0.057657468809520752
0.16 0.10000000000000001 0.057560508085192405
0.16200000000000001 0.10000000000000001 0.057441705785352348
0.16400000000000001 0.10000000000000001 0.057304857005200834
0.16600000000000001 0.10000000000000001 0.057152516007717133
0.16800000000000001 0.10000000000000001 0.056987507216846492
0.17000000000000001 0.10000000000000001 0.05681501373826741
0.17199999999999999 0.10000000000000001 0.056639093412455335
0.17399999999999999 0.10000000000000001 0.056461867551703598
0.17599999999999999 0.10000000000000001 0.056285255909613509
0.17799999999999999 0.10000000000000001 0.056112478278761056
0.17999999999999999 0.10000000000000001 0.055946125610359228
0.182 0.10000000000000001 0.055788892121972578
0.184 0.10000000000000001 0.055643416649971349
0.186 0.10000000000000001 0.055512262430197024
0.188 0.10000000000000001 0.055398791520277851
0.19 0.10000000000000001 0.055304917778741587
0.192 0.10000000000000001 0.055232900317477372
0.19400000000000001 0.10000000000000001 0.055184844334203918
0.19600000000000001 0.10000000000000001 0.055162691668116451
0.19800000000000001 0.10000000000000001 0.055168212475371139
0.20000000000000001 0.10000000000000001 0.055202997980840024
0.20200000000000001 0.10000000000000001 0.055268454290288538
0.20399999999999999 0.10000000000000001 0.055365797259150605
0.20599999999999999 0.10000000000000001 0.055496048418238075
0.20799999999999999 0.10000000000000001 0.055660031956760878
0.20999999999999999 0.10000000000000001 0.055858372760835273
0.21199999999999999 0.10000000000000001 0.056091495502212242
0.214 0.10000000000000001 0.05635962476782061
0.216 0.10000000000000001 0.056662786216203714
0.218 0.10000000000000001 0.057000808742224414
0.22 0.10000000000000001 0.057373327626630832
0.222 0.10000000000000001 0.057779788642277452
0.224 0.10000000000000001 0.058219453084004585
0.22600000000000001 0.10000000000000001 0.058691403684374768
0.22800000000000001 0.10000000000000001 0.059194551372574587
0.23000000000000001 0.10000000000000001 0.059727642828654413
0.23200000000000001 0.10000000000000001 0.060289268779581802
0.23400000000000001 0.10000000000000001 0.060877872976722959
0.23599999999999999 0.10000000000000001 0.061491761785153941
0.23799999999999999 0.10000000000000001 0.06212832468426964
0.23999999999999999 0.10000000000000001 0.062786794468018423
0.24199999999999999 0.10000000000000001 0.063465075804662388
0.24399999999999999 0.10000000000000001 0.064160958359449446
0.246 0.10000000000000001 0.064872126826002158
0.248 0.10000000000000001 0.065596170863314401
0.25 0.10000000000000001 0.066330348803057979
0.252 0.10000000000000001 0.067072527077229493
0.254 0.10000000000000001 0.06782010540210287
0.25600000000000001 0.10000000000000001 0.068569920401580664
0.25800000000000001 0.10000000000000001 0.069319121151942248
0.26000000000000001 0.10000000000000001 0.070066092075277933
0.26200000000000001 0.10000000000000001 0.070808329336701642
0.26400000000000001 0.10000000000000001 0.071544154698196055
0.26600000000000001 0.10000000000000001 0.072271285244520395
0.26800000000000002 0.10000000000000001 0.072987073659080387
0.27000000000000002 0.10000000000000001 0.073689809016021235
0.27200000000000002 0.10000000000000001 0.074377456379629919
0.27400000000000002 0.10000000000000001 0.075048049707127987
0.27600000000000002 0.10000000000000001 0.075699702950997788
0.27800000000000002 0.10000000000000001 0.076330620536780774
0.28000000000000003 0.10000000000000001 0.076939107148513514
0.28199999999999997 0.10000000000000001 0.077522484718775528
0.28399999999999997 0.10000000000000001 0.078080085689439804
0.28599999999999998 0.10000000000000001 0.078610586861264417
0.28799999999999998 0.10000000000000001 0.07911280628568583
0.28999999999999998 0.10000000000000001 0.079585707973001685
0.29199999999999998 0.10000000000000001 0.080028405784186102
0.29399999999999998 0.10000000000000001 0.080440166500054922
0.29599999999999999 0.10000000000000001 0.08082041206413991
0.29799999999999999 0.10000000000000001 0.08116872099888002
0.29999999999999999 0.10000000000000001 0.081484828998323613
0.30199999999999999 0.10000000000000001 0.081768628704300905
0.30399999999999999 0.10000000000000001 0.082020168676861113
0.30599999999999999 0.10000000000000001 0.082239651573606756
0.308 0.10000000000000001 0.082427431556346506
0.31 0.10000000000000001 0.082584010947190395
0.312 0.10000000000000001 0.082710036159801006
0.314 0.10000000000000001 0.082806292934965581
0.316 0.10000000000000001 0.082873700912952694
0.318 0.10000000000000001 0.082913307578243153
0.32000000000000001 0.10000000000000001 0.082927114085872777
0.32200000000000001 0.10000000000000001 0.082915287306605662
0.32400000000000001 0.10000000000000001 0.082879226707228526
0.32600000000000001 0.10000000000000001 0.082820441791162464
0.32800000000000001 0.10000000000000001 0.082740544221244133
0.33000000000000002 0.10000000000000001 0.082641239482273213
0.33200000000000002 0.10000000000000001 0.082524318031701821
0.33400000000000002 0.10000000000000001 0.082392059765778181
0.33600000000000002 0.10000000000000001 0.082245921739385372
0.33800000000000002 0.10000000000000001 0.082087787514970534
0.34000000000000002 0.10000000000000001 0.081919567594174791
0.34200000000000003 0.10000000000000001 0.081743173435903801
0.34399999999999997 0.10000000000000001 0.081561457847400778
0.34599999999999997 0.10000000000000001 0.081377007742646473
0.34799999999999998 0.10000000000000001 0.081191735273980284
0.34999999999999998 0.10000000000000001 0.08100700091240802
0.35199999999999998 0.10000000000000001 0.080824160191406383
0.35399999999999998 0.10000000000000001 0.080644872837127832
0.35599999999999998 0.10000000000000001 0.08047085181597087
0.35799999999999998 0.10000000000000001 0.080303797813197242
0.35999999999999999 0.10000000000000001 0.08014562629312319
0.36199999999999999 0.10000000000000001 0.0799976431518378
0.36399999999999999 0.10000000000000001 0.079861336363986221
0.36599999999999999 0.10000000000000001 0.079738120991184408
0.36799999999999999 0.10000000000000001 0.079629331560252592
0.37 0.10000000000000001 0.079536215085494591
0.372 0.10000000000000001 0.079459924703368268
0.374 0.10000000000000001 0.079401513914074434
0.376 0.10000000000000001 0.079361931434567101
0.378 0.10000000000000001 0.07934201667107306
0.38 0.10000000000000001 0.079342495820037495
0.38200000000000001 0.10000000000000001 0.079363978605776958
0.38400000000000001 0.10000000000000001 0.079407797180736456
0.38600000000000001 0.10000000000000001 0.079473511255364171
0.38800000000000001 0.10000000000000001 0.079561339282228319
0.39000000000000001 0.10000000000000001 0.079671376491840418
0.39200000000000002 0.10000000000000001 0.079802776033471773
0.39400000000000002 0.10000000000000001 0.07995627189948927
0.39600000000000002 0.10000000000000001 0.080131621880746545
0.39800000000000002 0.10000000000000001 0.080328464531183502
0.40000000000000002 0.10000000000000001 0.08054632164098019
0.40200000000000002 0.10000000000000001 0.080784601295008987
0.40400000000000003 0.10000000000000001 0.081042601494892369
0.40600000000000003 0.10000000000000001 0.081319514320036215
0.40799999999999997 0.10000000000000001 0.081614430600350105
0.40999999999999998 0.10000000000000001 0.081926345071290249
0.41199999999999998 0.10000000000000001 0.082254161980952423
0.41399999999999998 0.10000000000000001 0.082596701120484714
0.41599999999999998 0.10000000000000001 0.082952704255659343
0.41799999999999998 0.10000000000000001 0.083320532096745767
0.41999999999999998 0.10000000000000001 0.083699141710666253
0.42199999999999999 0.10000000000000001 0.084087130523717232
0.42399999999999999 0.10000000000000001 0.084483045401439499
0.42599999999999999 0.10000000000000001 0.084885379156854915
0.42799999999999999 0.10000000000000001 0.085292546252741547
0.42999999999999999 0.10000000000000001 0.085702720209591562
0.432 0.10000000000000001 0.086113787053044594
0.434 0.10000000000000001 0.086524257857291426
0.436 0.10000000000000001 0.086933100577947509
0.438 0.10000000000000001 0.087338776289745956
0.44 0.10000000000000001 0.087740446639489655
0.442 0.10000000000000001 0.088136755598513139
0.44400000000000001 0.10000000000000001 0.088526357755809179
0.44600000000000001 0.10000000000000001 0.088907937643284779
0.44800000000000001 0.10000000000000001 0.089280222004498255
0.45000000000000001 0.10000000000000001 0.089641988881843465
0.45200000000000001 0.10000000000000001 0.089991730674669437
0.45400000000000001 0.10000000000000001 0.090328719682310973
0.45600000000000002 0.10000000000000001 0.090651945606519443
0.45800000000000002 0.10000000000000001 0.090960468691290222
0.46000000000000002 0.10000000000000001 0.091253424369346525
0.46200000000000002 0.10000000000000001 0.091530027479519757
0.46400000000000002 0.10000000000000001 0.091789576035826118
0.46600000000000003 0.10000000000000001 0.092031454532386564
0.46800000000000003 0.10000000000000001 0.092255136771185603
0.46999999999999997 0.10000000000000001 0.09246018820225213
0.47199999999999998 0.10000000000000001 0.092646267768305063
0.47399999999999998 0.10000000000000001 0.092813129248356038
0.47599999999999998 0.10000000000000001 0.092960622097189277
0.47799999999999998 0.10000000000000001 0.093088691780083319
0.47999999999999998 0.10000000000000001 0.093197379604576636
0.48199999999999998 0.10000000000000001 0.093286822053506649
0.48399999999999999 0.10000000000000001 0.093357249625929742
0.48599999999999999 0.10000000000000001 0.093408985194831637
0.48799999999999999 0.10000000000000001 0.093442441892686343
0.48999999999999999 0.10000000000000001 0.093458120537860914
0.49199999999999999 0.10000000000000001 0.093456606616394544
0.49399999999999999 0.10000000000000001 0.093438566834578005
0.496 0.10000000000000001 0.093404745257506694
0.498 0.10000000000000001 0.09335595904645945
0.5 0.10000000000000001 0.09329309380164115
0.502 0.10000000000000001 0.093217484211083543
0.504 0.10000000000000001 0.093129720923554454
0.50600000000000001 0.10000000000000001 0.093030833245765721
0.50800000000000001 0.10000000000000001 0.092921894025194907
0.51000000000000001 0.10000000000000001 0.092804014531477325
0.51200000000000001 0.10000000000000001 0.092678339788535929
0.51400000000000001 0.10000000000000001 0.092546045089511808
0.51600000000000001 0.10000000000000001 0.092408336186475537
0.51800000000000002 0.10000000000000001 0.092267072180340429
0.52000000000000002 0.10000000000000001 0.092123595951550591
0.52200000000000002 0.10000000000000001 0.091979080626989965
0.52400000000000002 0.10000000000000001 0.091834684060563873
0.52600000000000002 0.10000000000000001 0.091690872606451895
0.52800000000000002 0.10000000000000001 0.091549217064057442
0.53000000000000003 0.10000000000000001 0.0914104098330525
0.53200000000000003 0.10000000000000001 0.091275458292432721
0.53400000000000003 0.10000000000000001 0.091145367045254305
0.53600000000000003 0.10000000000000001 0.091021117539579949
0.53800000000000003 0.10000000000000001 0.090903656340290573
0.54000000000000004 0.10000000000000001 0.090793887100521817
0.54200000000000004 0.10000000000000001 0.090692664415634311
0.54400000000000004 0.10000000000000001 0.090600788799611282
0.54600000000000004 0.10000000000000001 0.090519318036272223
0.54800000000000004 0.10000000000000001 0.090448615370863031
0.55000000000000004 0.10000000000000001 0.090389288751753727
0.55200000000000005 0.10000000000000001 0.090341880589287424
0.55400000000000005 0.10000000000000001 0.090306865312494558
0.55600000000000005 0.10000000000000001 0.090284647299773091
0.55800000000000005 0.10000000000000001 0.090275559190110516
0.56000000000000005 0.10000000000000001 0.09027986058021531
0.56200000000000006 0.10000000000000001 0.090297737111359827
0.56399999999999995 0.10000000000000001 0.090329299948014502
0.56599999999999995 0.10000000000000001 0.090374585648545613
0.56799999999999995 0.10000000000000001 0.090433556426422063
0.56999999999999995 0.10000000000000001 0.090506100798570494
0.57199999999999995 0.10000000000000001 0.090592034615765718
0.57399999999999995 0.10000000000000001 0.090691102468293872
0.57599999999999996 0.10000000000000001 0.090802979458625199
0.57799999999999996 0.10000000000000001 0.090927273331576852
0.57999999999999996 0.10000000000000001 0.091063526951536883
0.58199999999999996 0.10000000000000001 0.091210886904164734
0.58399999999999996 0.10000000000000001 0.091369123025288101
0.58599999999999997 0.10000000000000001 0.091537614439922213
0.58799999999999997 0.10000000000000001 0.091715690229560859
0.58999999999999997 0.10000000000000001 0.091902633005993509
0.59199999999999997 0.10000000000000001 0.092097682458227484
0.59399999999999997 0.10000000000000001 0.092300038685594818
0.59599999999999997 0.10000000000000001 0.092508864959827145
0.59799999999999998 0.10000000000000001 0.092723289146263932
0.59999999999999998 0.10000000000000001 0.09294240187367947
0.60199999999999998 0.10000000000000001 0.09316524576756019
0.60399999999999998 0.10000000000000001 0.093390599646628408
0.60599999999999998 0.10000000000000001 0.093617362477944346
0.60799999999999998 0.10000000000000001 0.093844630257425024
0.60999999999999999 0.10000000000000001 0.09407150671463764
0.61199999999999999 0.10000000000000001 0.094297107808131622
0.61399999999999999 0.10000000000000001 0.094520566240690981
0.61599999999999999 0.10000000000000001 0.094741339944361264
0.61799999999999999 0.10000000000000001 0.094958790807600571
0.62 0.10000000000000001 0.095172138764157949
0.622 0.10000000000000001 0.095380616063378387
0.624 0.10000000000000001 0.095583477186052423
0.626 0.10000000000000001 0.095780005655725031
0.628 0.10000000000000001 0.095969519248404855
0.63 0.10000000000000001 0.096151374252887042
0.63200000000000001 0.10000000000000001 0.096324969087921097
0.63400000000000001 0.10000000000000001 0.096489747428869357
0.63600000000000001 0.10000000000000001 0.096645200923328956
0.63800000000000001 0.10000000000000001 0.096790871538352599
0.64000000000000001 0.10000000000000001 0.09692635356267304
0.64200000000000002 0.10000000000000001 0.097051295277113564
0.64400000000000002 0.10000000000000001 0.097165400300997476
0.64600000000000002 0.10000000000000001 0.097268428619725775
0.64800000000000002 0.10000000000000001 0.097360197297625711
0.65000000000000002 0.10000000000000001 0.097440580880060357
0.65200000000000002 0.10000000000000001 0.097509511489256087
0.65400000000000003 0.10000000000000001 0.097566978619146247
0.65600000000000003 0.10000000000000001 0.09761302863560288
0.65800000000000003 0.10000000000000001 0.097647763989669803
0.66000000000000003 0.10000000000000001 0.097671342152774593
0.66200000000000003 0.10000000000000001 0.097683974284371769
0.66400000000000003 0.10000000000000001 0.097685923644076925
0.66600000000000004 0.10000000000000001 0.097677503762132939
0.66800000000000004 0.10000000000000001 0.097659076384114807
0.67000000000000004 0.10000000000000001 0.097631049208305662
0.67200000000000004 0.10000000000000001 0.097593873437486989
0.67400000000000004 0.10000000000000001 0.097548041171574909
0.67600000000000005 0.10000000000000001 0.097494082674718555
0.67800000000000005 0.10000000000000001 0.097432563562329905
0.68000000000000005 0.10000000000000001 0.097364081974608677
0.68200000000000005 0.10000000000000001 0.097289265843666914
0.68400000000000005 0.10000000000000001 0.097208770446356924
0.68600000000000005 0.10000000000000001 0.097123276633343233
0.68799999999999994 0.10000000000000001 0.097033490659079874
0.68999999999999995 0.10000000000000001 0.096940374235554516
0.69199999999999995 0.10000000000000001 0.096844811302451039
0.69399999999999995 0.10000000000000001 0.096747506053120505
0.69599999999999995 0.10000000000000001 0.096649159820578617
0.69799999999999995 0.10000000000000001 0.096550467556553457
0.69999999999999996 0.10000000000000001 0.096452114410331857
0.70199999999999996 0.10000000000000001 0.096354772359643306
0.70399999999999996 0.10000000000000001 0.096259096954517898
0.70599999999999996 0.10000000000000001 0.096165509881012995
0.70799999999999996 0.10000000000000001 0.096074530141027958
0.70999999999999996 0.10000000000000001 0.095986727470787403
0.71199999999999997 0.10000000000000001 0.09590266185942968
0.71399999999999997 0.10000000000000001 0.095822875095389767
0.71599999999999997 0.10000000000000001 0.095747885118368778
0.71799999999999997 0.10000000000000001 0.095678181836258064
0.71999999999999997 0.10000000000000001 0.095614223813228968
0.72199999999999998 0.10000000000000001 0.0955564355423804
0.72399999999999998 0.10000000000000001 0.095505205155322764
0.72599999999999998 0.10000000000000001 0.095460882488739837
0.72799999999999998 0.10000000000000001 0.095423777462797219
0.72999999999999998 0.10000000000000001 0.095394158744908142
0.73199999999999998 0.10000000000000001 0.095372252682583231
0.73399999999999999 0.10000000000000001 0.095358242494692838
0.73599999999999999 0.10000000000000001 0.095352267713450692
0.73799999999999999 0.10000000000000001 0.095354423870850871
0.73999999999999999 0.10000000000000001 0.095364762423762781
0.74199999999999999 0.10000000000000001 0.095383290911759885
0.74399999999999999 0.10000000000000001 0.095409973341217147
0.746 0.10000000000000001 0.095444730788385931
0.748 0.10000000000000001 0.095487442213077242
0.75 0.10000000000000001 0.095537945473266009
0.752 0.10000000000000001 0.095596038529317778
0.754 0.10000000000000001 0.095661480824511286
0.75600000000000001 0.10000000000000001 0.095733994825867003
0.75800000000000001 0.10000000000000001 0.095813267705586638
0.76000000000000001 0.10000000000000001 0.095898953137922766
0.76200000000000001 0.10000000000000001 0.095990673177668559
0.76400000000000001 0.10000000000000001 0.096088020172021754
0.76600000000000001 0.10000000000000001 0.096190558631909104
0.76800000000000002 0.10000000000000001 0.096297826940191164
0.77000000000000002 0.10000000000000001 0.096409338675038897
0.77200000000000002 0.10000000000000001 0.096524583106931156
0.77400000000000002 0.10000000000000001 0.096643023885938956
0.77600000000000002 0.10000000000000001 0.096763901170208735
0.77800000000000002 0.10000000000000001 0.096886647959248229
0.78000000000000003 0.10000000000000001 0.097010732552478815
0.78200000000000003 0.10000000000000001 0.097135622871675251
0.78400000000000003 0.10000000000000001 0.097260789191312813
0.78600000000000003 0.10000000000000001 0.09738570681641541
0.78800000000000003 0.10000000000000001 0.097509858694166493
0.79000000000000004 0.10000000000000001 0.097632737978147047
0.79200000000000004 0.10000000000000001 0.097753850440240986
0.79400000000000004 0.10000000000000001 0.097872716845603766
0.79600000000000004 0.10000000000000001 0.097988984176686056
0.79800000000000004 0.10000000000000001 0.098102338168358991
0.80000000000000004 0.10000000000000001 0.098212360007657803
0.80200000000000005 0.10000000000000001 0.098318645690954359
0.80400000000000005 0.10000000000000001 0.0984208097972364
0.80600000000000005 0.10000000000000001 0.098518488427456002
0.80800000000000005 0.10000000000000001 0.098611341602183281
0.81000000000000005 0.10000000000000001 0.098699055270028979
0.81200000000000006 0.10000000000000001 0.098781343010190523
0.81399999999999995 0.10000000000000001 0.098857947476485283
0.81599999999999995 0.10000000000000001 0.098928641610706566
0.81799999999999995 0.10000000000000001 0.098993229642259178
0.81999999999999995 0.10000000000000001 0.099051547884889332
0.82199999999999995 0.10000000000000001 0.099103465337885596
0.82399999999999995 0.10000000000000001 0.099148884097297343
0.82599999999999996 0.10000000000000001 0.099187739581861861
0.82799999999999996 0.10000000000000001 0.099220000578095005
0.82999999999999996 0.10000000000000001 0.099245669109171306
0.83199999999999996 0.10000000000000001 0.099264780132666389
0.83399999999999996 0.10000000000000001 0.099277401072894053
0.83599999999999997 0.10000000000000001 0.099283631194407126
0.83799999999999997 0.10000000000000001 0.099283600824254886
0.83999999999999997 0.10000000000000001 0.099277470431833312
0.84199999999999997 0.10000000000000001 0.099265429576721895
0.84399999999999997 0.10000000000000001 0.099247695736943836
0.84599999999999997 0.10000000000000001 0.099224513032885583
0.84799999999999998 0.10000000000000001 0.09919615086621833
0.84999999999999998 0.10000000000000001 0.099162902499519645
0.85199999999999998 0.10000000000000001 0.099125083612749715
0.85399999999999998 0.10000000000000001 0.099083030890969426
0.85599999999999998 0.10000000000000001 0.099037100731627872
0.85799999999999998 0.10000000000000001 0.098987668227542958
0.85999999999999999 0.10000000000000001 0.098935246818104214
0.86199999999999999 0.10000000000000001 0.098880316223700027
0.86399999999999999 0.10000000000000001 0.098823273944576545
0.86599999999999999 0.10000000000000001 0.098764521819884557
0.86799999999999999 0.10000000000000001 0.098704463923035918
0.87 0.10000000000000001 0.098643504475636912
0.872 0.10000000000000001 0.09858204579032194
0.874 0.10000000000000001 0.098520486252620651
0.876 0.10000000000000001 0.098459218362272935
0.878 0.10000000000000001 0.09839862678504635
0.88 0.10000000000000001 0.098339086554723662
0.88200000000000001 0.10000000000000001 0.098280961279645557
0.88400000000000001 0.10000000000000001 0.098224601461959993
0.88600000000000001 0.10000000000000001 0.098170342903098465
0.88800000000000001 0.10000000000000001 0.09811843702394786
0.89000000000000001 0.10000000000000001 0.098069111394469624
0.89200000000000002 0.10000000000000001 0.098022649171336212
0.89400000000000002 0.10000000000000001 0.097979318758893874
0.89600000000000002 0.10000000000000001 0.097939371555784263
0.89800000000000002 0.10000000000000001 0.097903040158696358
0.90000000000000002 0.10000000000000001 0.097870536894502133
0.90200000000000002 0.10000000000000001 0.097842052608173122
0.90400000000000003 0.10000000000000001 0.097817755663778636
0.90600000000000003 0.10000000000000001 0.097797791132444259
0.90800000000000003 0.10000000000000001 0.097782280150600448
0.91000000000000003 0.10000000000000001 0.097771319437316817
0.91200000000000003 0.10000000000000001 0.097764980962673331
0.91400000000000003 0.10000000000000001 0.097763311760858645
0.91600000000000004 0.10000000000000001 0.097766333882567766
0.91800000000000004 0.10000000000000001 0.097774044481557937
0.92000000000000004 0.10000000000000001 0.097786416030123877
0.92200000000000004 0.10000000000000001 0.097803396657837161
0.92400000000000004 0.10000000000000001 0.097824910607203955
0.92600000000000005 0.10000000000000001 0.097850858798924564
0.92800000000000005 0.10000000000000001 0.097881119498098815
0.93000000000000005 0.10000000000000001 0.097915549070873326
0.93200000000000005 0.10000000000000001 0.097953982818400245
0.93400000000000005 0.10000000000000001 0.097996235871084705
0.93600000000000005 0.10000000000000001 0.098042104120056789
0.93799999999999994 0.10000000000000001 0.098091365153002527
0.93999999999999995 0.10000000000000001 0.09814377914473478
0.94199999999999995 0.10000000000000001 0.098199084422431734
0.94399999999999995 0.10000000000000001 0.098256886305509092
0.94599999999999995 0.10000000000000001 0.09831690967520855
0.94799999999999995 0.10000000000000001 0.098378871484729138
0.94999999999999996 0.10000000000000001 0.098442482321091013
0.95199999999999996 0.10000000000000001 0.098507447977140991
0.95399999999999996 0.10000000000000001 0.098573471025571138
0.95599999999999996 0.10000000000000001 0.098640252386850771
0.95799999999999996 0.10000000000000001 0.098707492883191347
0.95999999999999996 0.10000000000000001 0.098774894770802313
0.96199999999999997 0.10000000000000001 0.098842163242940997
0.96399999999999997 0.10000000000000001 0.098909007896490611
0.96599999999999997 0.10000000000000001 0.09897514415511692
0.96799999999999997 0.10000000000000001 0.099040294642374765
0.96999999999999997 0.10000000000000001 0.099104190498435024
0.97199999999999998 0.10000000000000001 0.099166572634568503
0.97399999999999998 0.10000000000000001 0.099227192919837837
0.97599999999999998 0.10000000000000001 0.099285815294928942
0.97799999999999998 0.10000000000000001 0.099342216808474451
0.97999999999999998 0.10000000000000001 0.099396188571688721
0.98199999999999998 0.10000000000000001 0.099447545833892981
0.98399999999999999 0.10000000000000001 0.099496186676098178
0.98599999999999999 0.10000000000000001 0.099541943696766416
0.98799999999999999 0.10000000000000001 0.099584664431176959
0.98999999999999999 0.10000000000000001 0.099624212256287148
0.99199999999999999 0.10000000000000001 0.099660467136971839
0.99399999999999999 0.10000000000000001 0.099693326232261431
0.996 0.10000000000000001 0.099722704373858578
0.998 0.10000000000000001 0.099748534425438656
1 0.10000000000000001 0.099770767528996038
1.002 0.10000000000000001 0.099789373243252072
1.004 0.10000000000000001 0.099804339578487333
1.006 0.10000000000000001 0.099815672931943544
1.008 0.10000000000000001 0.099823397928025109
1.01 0.10000000000000001 0.099827557167847025
1.012 0.10000000000000001 0.099828210893223662
1.014 0.10000000000000001 0.09982543657096625
1.016 0.10000000000000001 0.099819328404439078
1.018 0.10000000000000001 0.099809996780812468
1.02 0.10000000000000001 0.099797567664595757
1.022 0.10000000000000001 0.099782181951185975
1.024 0.10000000000000001 0.099764074301290376
1.026 0.10000000000000001 0.099743418733531389
1.028 0.10000000000000001 0.099720394566685341
1.03 0.10000000000000001 0.099695190292385022
1.032 0.10000000000000001 0.099668002486043183
1.034 0.10000000000000001 0.099639034692043632
1.036 0.10000000000000001 0.099608496289237097
1.038 0.10000000000000001 0.099576601342845072
1.04 0.10000000000000001 0.099543567448776279
1.042 0.10000000000000001 0.099509614576402616
1.044 0.10000000000000001 0.099474963915693382
1.046 0.10000000000000001 0.099439836734536907
1.048 0.10000000000000001 0.099404453251935282
1.05 0.10000000000000001 0.099369031532584196
1.052 0.10000000000000001 0.099333786408193139
1.054 0.10000000000000001 0.099298928430637007
1.056 0.10000000000000001 0.099264662861857797
1.0580000000000001 0.10000000000000001 0.099231188705117684
1.0600000000000001 0.10000000000000001 0.099198697781979955
1.0620000000000001 0.10000000000000001 0.099167373859053748
1.0640000000000001 0.10000000000000001 0.099137391828268112
1.0660000000000001 0.10000000000000001 0.099108916944068703
1.0680000000000001 0.10000000000000001 0.09908210412064325
1.0700000000000001 0.10000000000000001 0.099057097291887955
1.0720000000000001 0.10000000000000001 0.099034028836491206
1.0740000000000001 0.10000000000000001 0.099013019070138084
1.0760000000000001 0.10000000000000001 0.098994175806469284
1.0780000000000001 0.10000000000000001 0.098977593988053392
1.0800000000000001 0.10000000000000001 0.098963355388257471
1.0820000000000001 0.10000000000000001 0.098951528384525061
1.0840000000000001 0.10000000000000001 0.098942167803200684
1.0860000000000001 0.10000000000000001 0.098935314835671959
1.0880000000000001 0.10000000000000001 0.098930997025240192
1.0900000000000001 0.10000000000000001 0.098929228323778276
1.0920000000000001 0.10000000000000001 0.098930009216891227
1.0940000000000001 0.10000000000000001 0.098933326915964639
1.0960000000000001 0.10000000000000001 0.098939155615167265
1.0980000000000001 0.10000000000000001 0.098947456811170703
1.1000000000000001 0.10000000000000001 0.098958179683060934
1.1020000000000001 0.10000000000000001 0.098971261529645138
1.1040000000000001 0.10000000000000001 0.098986628261105145
1.1060000000000001 0.10000000000000001 0.09900419494171378
1.1080000000000001 0.10000000000000001 0.099023866380118189
1.1100000000000001 0.10000000000000001 0.099045537763500252
1.1120000000000001 0.10000000000000001 0.099069095331753718
1.1140000000000001 0.10000000000000001 0.099094417087667586
1.1160000000000001 0.10000000000000001 0.099121373538983121
1.1180000000000001 0.10000000000000001 0.099149828468073825
1.1200000000000001 0.10000000000000001 0.099179639724948906
1.1220000000000001 0.10000000000000001 0.09921066003917621
1.1240000000000001 0.10000000000000001 0.099242737846333917
1.1259999999999999 0.10000000000000001 0.099275718124558598
1.1279999999999999 0.10000000000000001 0.099309443236783299
1.1299999999999999 0.10000000000000001 0.099343753774277122
1.1319999999999999 0.10000000000000001 0.099378489397183994
1.1339999999999999 0.10000000000000001 0.099413489667790123
1.1359999999999999 0.10000000000000001 0.099448594872402304
1.1379999999999999 0.10000000000000001 0.099483646827781297
1.1399999999999999 0.10000000000000001 0.099518489668251969
1.1419999999999999 0.10000000000000001 0.099552970609748659
1.1439999999999999 0.10000000000000001 0.099586940687218364
1.1459999999999999 0.10000000000000001 0.099620255462013599
1.1479999999999999 0.10000000000000001 0.099652775696084203
1.1499999999999999 0.10000000000000001 0.099684367990003866
1.1519999999999999 0.10000000000000001 0.099714905382100649
1.1539999999999999 0.10000000000000001 0.099744267906178158
1.1559999999999999 0.10000000000000001 0.099772343105579267
1.1579999999999999 0.10000000000000001 0.099799026501595778
1.1599999999999999 0.10000000000000001 0.099824222014479061
1.1619999999999999 0.10000000000000001 0.099847842335585885
1.1639999999999999 0.10000000000000001 0.099869809249452393
1.1659999999999999 0.10000000000000001 0.099890053904872447
1.1679999999999999 0.10000000000000001 0.099908517034322658
1.1699999999999999 0.10000000000000001 0.09992514912135203
1.1719999999999999 0.10000000000000001 0.099939910515824223
1.1739999999999999 0.10000000000000001 0.099952771497169024
1.1759999999999999 0.10000000000000001 0.099963712286061407
1.1779999999999999 0.10000000000000001 0.099972723005204545
1.1799999999999999 0.10000000000000001 0.099979803590142996
1.1819999999999999 0.10000000000000001 0.099984963651273545
1.1839999999999999 0.10000000000000001 0.099988222288453943
1.1859999999999999 0.10000000000000001 0.099989607859831547
1.1879999999999999 0.10000000000000001 0.099989157706724077
1.1899999999999999 0.10000000000000001 0.099986917836582853
1.1919999999999999 0.10000000000000001 0.099982942566254215
1.194 0.10000000000000001 0.099977294127923819
1.196 0.10000000000000001 0.09997004224029038
1.198 0.10000000000000001 0.099961263647645071
1.2 0.10000000000000001 0.099951041629675566
1.202 0.10000000000000001 0.099939465484903914
1.204 0.10000000000000001 0.099926629990774091
1.206 0.10000000000000001 0.099912634843477746
1.208 0.10000000000000001 0.099897584080662849
1.21 0.10000000000000001 0.099881585490213101
1.212 0.10000000000000001 0.099864750008315281
1.214 0.10000000000000001 0.099847191110039341
1.216 0.10000000000000001 0.099829024195640118
1.218 0.10000000000000001 0.099810365975785242
1.22 0.10000000000000001 0.099791333858844603
1.222 0.10000000000000001 0.099772045343353974
1.224 0.10000000000000001 0.099752617418664813
1.226 0.10000000000000001 0.099733165976728072
1.228 0.10000000000000001 0.099713805237856085
1.23 0.10000000000000001 0.099694647193185243
1.232 0.10000000000000001 0.09967580106645324
1.234 0.10000000000000001 0.099657372797555446
1.236 0.10000000000000001 0.099639464550207016
1.238 0.10000000000000001 0.099622174245880837
1.24 0.10000000000000001 0.099605595126017743
1.242 0.10000000000000001 0.099589815344346744
1.244 0.10000000000000001 0.099574917590960196
1.246 0.10000000000000001 0.099560978749613865
1.248 0.10000000000000001 0.099548069589517826
1.25 0.10000000000000001 0.09953625449270824
1.252 0.10000000000000001 0.099525591217881168
1.254 0.10000000000000001 0.099516130701366723
1.256 0.10000000000000001 0.099507916895736334
1.258 0.10000000000000001 0.099500986646328546
1.26 0.10000000000000001 0.099495369605779621
1.262 0.10000000000000001 0.099491088186457161
1.264 0.10000000000000001 0.099488157550494519
1.266 0.10000000000000001 0.099486585636944611
1.268 0.10000000000000001 0.099486373225382618
1.27 0.10000000000000001 0.099487514035114952
1.272 0.10000000000000001 0.099489994858979636
1.274 0.10000000000000001 0.099493795730563273
1.276 0.10000000000000001 0.099498890123503894
1.278 0.10000000000000001 0.099505245181407131
1.28 0.10000000000000001 0.099512821976763893
1.282 0.10000000000000001 0.099521575797138731
1.284 0.10000000000000001 0.099531456456774609
1.286 0.10000000000000001 0.099542408631669674
1.288 0.10000000000000001 0.099554372216074966
1.29 0.10000000000000001 0.099567282698292375
1.292 0.10000000000000001 0.09958107155357937
1.294 0.10000000000000001 0.099595666651917117
1.296 0.10000000000000001 0.099610992678338478
1.298 0.10000000000000001 0.099626971563507277
1.3 0.10000000000000001 0.099643522922195221
1.302 0.10000000000000001 0.09966056449730909
1.304 0.10000000000000001 0.099678012607129371
1.306 0.10000000000000001 0.099695782593428331
1.3080000000000001 0.10000000000000001 0.099713789268167138
1.3100000000000001 0.10000000000000001 0.099731947356521286
1.3120000000000001 0.10000000000000001 0.099750171934016876
1.3140000000000001 0.10000000000000001 0.099768378855642173
1.3160000000000001 0.10000000000000001 0.099786485174850378
1.3180000000000001 0.10000000000000001 0.09980440955046728
1.3200000000000001 0.10000000000000001 0.09982207263959661
1.3220000000000001 0.10000000000000001 0.099839397474721397
1.3240000000000001 0.10000000000000001 0.099856309823299155
1.3260000000000001 0.10000000000000001 0.099872738528271596
1.3280000000000001 0.10000000000000001 0.09988861582801975
1.3300000000000001 0.10000000000000001 0.099903877654426126
1.3320000000000001 0.10000000000000001 0.099918463907838109
1.3340000000000001 0.10000000000000001 0.099932318707856738
1.3360000000000001 0.10000000000000001 0.099945390619017194
1.3380000000000001 0.10000000000000001 0.099957632850569009
1.3400000000000001 0.10000000000000001 0.099969003429705869
1.3420000000000001 0.10000000000000001 0.099979465347736399
1.3440000000000001 0.10000000000000001 0.099988986678843983
1.3460000000000001 0.10000000000000001 0.099997540671212262
1.3480000000000001 0.10000000000000001 0.10000510581045151
1.3500000000000001 0.10000000000000001 0.1000116658553958
1.3520000000000001 0.10000000000000001 0.10001720984648045
1.3540000000000001 0.10000000000000001 0.10002173208705159
1.3560000000000001 0.10000000000000001 0.1000252320980865
1.3580000000000001 0.10000000000000001 0.10002771454693621
1.3600000000000001 0.10000000000000001 0.10002918915082448
1.3620000000000001 0.10000000000000001 0.10002967055595521
1.3640000000000001 0.10000000000000001 0.10002917819319244
1.3660000000000001 0.10000000000000001 0.10002773611138484
1.3680000000000001 0.10000000000000001 0.1000253727895026
1.3700000000000001 0.10000000000000001 0.10002212092884688
1.3720000000000001 0.10000000000000001 0.10001801722667743
1.3740000000000001 0.10000000000000001 0.10001310213267883
1.3759999999999999 0.10000000000000001 0.10000741958974843
1.3779999999999999 0.10000000000000001 0.10000101676065812
1.3799999999999999 0.10000000000000001 0.099993943742180777
1.3819999999999999 0.10000000000000001 0.099986253268319447
1.3839999999999999 0.10000000000000001 0.09997800040431272
1.3859999999999999 0.10000000000000001 0.099969242233103911
1.3879999999999999 0.10000000000000001 0.099960037535981705
1.3899999999999999 0.10000000000000001 0.099950446469108847
1.3919999999999999 0.10000000000000001 0.099940530237641059
1.3939999999999999 0.10000000000000001 0.099930350769139739
1.3959999999999999 0.10000000000000001 0.099919970387950127
1.3979999999999999 0.10000000000000001 0.099909451492194531
1.3999999999999999 0.10000000000000001 0.099898856234988107
1.4019999999999999 0.10000000000000001 0.099888246211447942
1.4039999999999999 0.10000000000000001 0.0998776821530067
1.4059999999999999 0.10000000000000001 0.099867223630485599
1.4079999999999999 0.10000000000000001 0.099856928767317651
1.4099999999999999 0.10000000000000001 0.099846853964239174
1.4119999999999999 0.10000000000000001 0.099837053636691778
1.4139999999999999 0.10000000000000001 0.099827579966090166
1.4159999999999999 0.10000000000000001 0.099818482666029842
1.4179999999999999 0.10000000000000001 0.099809808764413352
1.4199999999999999 0.10000000000000001 0.099801602402378772
1.4219999999999999 0.10000000000000001 0.099793904650817389
1.4239999999999999 0.10000000000000001 0.099786753345166068
1.4259999999999999 0.10000000000000001 0.099780182939055689
1.4279999999999999 0.10000000000000001 0.099774224377294191
1.4299999999999999 0.10000000000000001 0.099768904988555215
1.4319999999999999 0.10000000000000001 0.099764248398040614
1.4339999999999999 0.10000000000000001 0.0997602744602758
1.4359999999999999 0.10000000000000001 0.099756999212094591
1.4379999999999999 0.10000000000000001 0.099754434845765697
1.4399999999999999 0.10000000000000001 0.099752589702109817
1.4419999999999999 0.10000000000000001 0.099751468283358444
1.444 0.10000000000000001 0.099751071285406473
1.446 0.10000000000000001 0.099751395649017763
1.448 0.10000000000000001 0.099752434629452588
1.45 0.10000000000000001 0.099754177883898412
1.452 0.10000000000000001 0.099756611576004503
1.454 0.10000000000000001 0.099759718496743421
1.456 0.10000000000000001 0.099763478200749545
1.458 0.10000000000000001 0.099767867157218304
1.46 0.10000000000000001 0.099772858914389806
1.462 0.10000000000000001 0.099778424276582636
1.464 0.10000000000000001 0.099784531492697018
1.466 0.10000000000000001 0.099791146455061208
1.468 0.10000000000000001 0.09979823290745958
1.47 0.10000000000000001 0.099805752661150521
1.472 0.10000000000000001 0.099813665817658895
1.474 0.10000000000000001 0.0998219309971069
1.476 0.10000000000000001 0.099830505570844094
1.478 0.10000000000000001 0.099839345897125745
1.48 0.10000000000000001 0.099848407558593089
1.482 0.10000000000000001 0.099857645600320913
1.484 0.10000000000000001 0.099867014767208565
1.486 0.10000000000000001 0.099876469739512974
1.488 0.10000000000000001 0.099885965365347412
1.49 0.10000000000000001 0.099895456889006654
1.492 0.10000000000000001 0.09990490017400884
1.494 0.10000000000000001 0.099914251919796096
1.496 0.10000000000000001 0.099923469871075199
1.498 0.10000000000000001 0.099932513018837835
1.5 0.10000000000000001 0.099941341792151417
1.502 0.10000000000000001 0.099949918239877714
1.504 0.10000000000000001 0.09995820620152962
1.506 0.10000000000000001 0.099966171466557369
1.508 0.10000000000000001 0.099973781921407781
1.51 0.10000000000000001 0.099981007683789577
1.512 0.10000000000000001 0.099987821223635573
1.514 0.10000000000000001 0.099994197470337984
1.516 0.10000000000000001 0.10000011390590331
1.518 0.10000000000000001 0.10000555064375634
1.52 0.10000000000000001 0.10001049049299
1.522 0.10000000000000001 0.10001491900794728
1.524 0.10000000000000001 0.10001882452308639
1.526 0.10000000000000001 0.10002219817316441
1.528 0.10000000000000001 0.10002503389884376
1.53 0.10000000000000001 0.10002732843790312
1.532 0.10000000000000001 0.10002908130230041
1.534 0.10000000000000001 0.10003029474140855
1.536 0.10000000000000001 0.10003097369180812
1.538 0.10000000000000001 0.10003112571408447
1.54 0.10000000000000001 0.10003076091713775
1.542 0.10000000000000001 0.10002989187056929
1.544 0.10000000000000001 0.10002853350576231
1.546 0.10000000000000001 0.10002670300632202
1.548 0.10000000000000001 0.10002441968858618
1.55 0.10000000000000001 0.10002170487295747
1.552 0.10000000000000001 0.10001858174684393
1.554 0.10000000000000001 0.10001507522002859
1.556 0.10000000000000001 0.10001121177331128
1.5580000000000001 0.10000000000000001 0.10000701930129322
1.5600000000000001 0.10000000000000001 0.10000252695018817
1.5620000000000001 0.10000000000000001 0.099997764951559279
1.5640000000000001 0.10000000000000001 0.099992764452888572
1.5660000000000001 0.10000000000000001 0.099987557345886754
1.5680000000000001 0.10000000000000001 0.099982176093453667
1.5700000000000001 0.10000000000000001 0.099976653556189204
1.5720000000000001 0.10000000000000001 0.099971022819347749
1.5740000000000001 0.10000000000000001 0.099965317021112471
1.5760000000000001 0.10000000000000001 0.099959569183045577
1.5780000000000001 0.10000000000000001 0.09995381204354982
1.5800000000000001 0.10000000000000001 0.099948077895146287
1.5820000000000001 0.10000000000000001 0.09994239842634671
1.5840000000000001 0.10000000000000001 0.099936804568858395
1.5860000000000001 0.10000000000000001 0.099931326350827382
1.5880000000000001 0.10000000000000001 0.099925992756781754
1.5900000000000001 0.10000000000000001 0.099920831594893914
1.5920000000000001 0.10000000000000001 0.099915869372134647
1.5940000000000001 0.10000000000000001 0.099911131177843601
1.5960000000000001 0.10000000000000001 0.099906640576189337
1.5980000000000001 0.10000000000000001 0.099902419507942097
1.6000000000000001 0.10000000000000001 0.099898488201926108
1.6020000000000001 0.10000000000000001 0.09989486509646664
1.6040000000000001 0.10000000000000001 0.099891566771088222
1.6060000000000001 0.10000000000000001 0.099888607888668296
1.6080000000000001 0.10000000000000001 0.09988600114819049
1.6100000000000001 0.10000000000000001 0.099883757248188446
1.6120000000000001 0.10000000000000001 0.099881884860914261
1.6140000000000001 0.10000000000000001 0.09988039061720938
1.6160000000000001 0.10000000000000001 0.099879279102004073
1.6180000000000001 0.10000000000000001 0.099878552860315301
1.6200000000000001 0.10000000000000001 0.099878212413563691
1.6220000000000001 0.10000000000000001 0.099878256285979086
1.6240000000000001 0.10000000000000001 0.099878681040815612
1.6259999999999999 0.10000000000000001 0.099879481326052247
1.6279999999999999 0.10000000000000001 0.09988064992921003
1.6299999999999999 0.10000000000000001 0.099882177840876704
1.6319999999999999 0.10000000000000001 0.099884054326490043
1.6339999999999999 0.10000000000000001 0.099886267005896132
1.6359999999999999 0.10000000000000001 0.099888801940166305
1.6379999999999999 0.10000000000000001 0.099891643725125906
1.6399999999999999 0.10000000000000001 0.099894775591021431
1.6419999999999999 0.10000000000000001 0.099898179507731985
1.6439999999999999 0.10000000000000001 0.099901836294906926
1.6459999999999999 0.10000000000000001 0.09990572573639897
1.6479999999999999 0.10000000000000001 0.09990982669834865
1.6499999999999999 0.10000000000000001 0.099914117250262544
1.6519999999999999 0.10000000000000001 0.099918574788428818
1.6539999999999999 0.10000000000000001 0.099923176161004296
1.6559999999999999 0.10000000000000001 0.099927897794112111
1.6579999999999999 0.10000000000000001 0.099932715818292953
1.6599999999999999 0.10000000000000001 0.099937606194658232
1.6619999999999999 0.10000000000000001 0.099942544840107561
1.6639999999999999 0.10000000000000001 0.099947507750984169
1.6659999999999999 0.10000000000000001 0.099952471124559378
1.6679999999999999 0.10000000000000001 0.099957411477758537
1.6699999999999999 0.10000000000000001 0.099962305762561571
1.6719999999999999 0.10000000000000001 0.099967131477536317
1.6739999999999999 0.10000000000000001 0.099971866774991897
1.6759999999999999 0.10000000000000001 0.099976490563266546
1.6779999999999999 0.10000000000000001 0.099980982603699531
1.6799999999999999 0.10000000000000001 0.099985323601866322
1.6819999999999999 0.10000000000000001 0.0999894952926942
1.6839999999999999 0.10000000000000001 0.099993480519112221
1.6859999999999999 0.10000000000000001 0.099997263303924999
1.6879999999999999 0.10000000000000001 0.10000082891464106
1.6899999999999999 0.10000000000000001 0.10000416392102618
1.6919999999999999 0.10000000000000001 0.10000725624519065
1.694 0.10000000000000001 0.10001009520406236
1.696 0.10000000000000001 0.10001267154413702
1.698 0.10000000000000001 0.10001497746843911
1.7 0.10000000000000001 0.10001700665566611
1.702 0.10000000000000001 0.10001875427153123
1.704 0.10000000000000001 0.10002021697235651
1.706 0.10000000000000001 0.10002139290100982
1.708 0.10000000000000001 0.10002228167531467
1.71 0.10000000000000001 0.10002288436910009
1.712 0.10000000000000001 0.10002320348609181
1.714 0.10000000000000001 0.10002324292687997
1.716 0.10000000000000001 0.10002300794923108
1.718 0.10000000000000001 0.10002250512204106
1.72 0.10000000000000001 0.10002174227325536
1.722 0.10000000000000001 0.10002072843210781
1.724 0.10000000000000001 0.10001947376605379
1.726 0.10000000000000001 0.10001798951279518
1.728 0.10000000000000001 0.10001628790781376
1.73 0.10000000000000001 0.1000143821078472
1.732 0.10000000000000001 0.10001228611075522
1.734 0.10000000000000001 0.10001001467223711
1.736 0.10000000000000001 0.10000758321986931
1.738 0.10000000000000001 0.1000050077649408
1.74 0.10000000000000001 0.10000230481256678
1.742 0.10000000000000001 0.099999491270563803
1.744 0.10000000000000001 0.099996584357569807
1.746 0.10000000000000001 0.099993601510887167
1.748 0.10000000000000001 0.099990560294523495
1.75 0.10000000000000001 0.099987478307897171
1.752 0.10000000000000001 0.099984373095662341
1.754 0.10000000000000001 0.099981262059098894
1.756 0.10000000000000001 0.099978162369496179
1.758 0.10000000000000001 0.099975090883945031
1.76 0.10000000000000001 0.099972064063930902
1.762 0.10000000000000001 0.099969097897107118
1.764 0.10000000000000001 0.099966207822598699
1.766 0.10000000000000001 0.099963408660168854
1.768 0.10000000000000001 0.099960714543554874
1.77 0.10000000000000001 0.099958138858252929
1.772 0.10000000000000001 0.099955694184006211
1.774 0.10000000000000001 0.099953392242223313
1.776 0.10000000000000001 0.099951243848523566
1.778 0.10000000000000001 0.09994925887057958
1.78 0.10000000000000001 0.099947446191395423
1.782 0.10000000000000001 0.09994581367813099
1.784 0.10000000000000001 0.099944368156552305
1.786 0.10000000000000001 0.099943115391157647
1.788 0.10000000000000001 0.099942060071000358
1.79 0.10000000000000001 0.099941205801198849
1.792 0.10000000000000001 0.099940555100096695
1.794 0.10000000000000001 0.099940109402006164
1.796 0.10000000000000001 0.099939869065441875
1.798 0.10000000000000001 0.099939833386724186
1.8 0.10000000000000001 0.099940000618806382
1.802 0.10000000000000001 0.099940367995155113
1.804 0.10000000000000001 0.09994093175848999
1.806 0.10000000000000001 0.099941687194167086
1.8080000000000001 0.10000000000000001 0.099942628667968852
1.8100000000000001 0.10000000000000001 0.09994374966804577
1.8120000000000001 0.10000000000000001 0.099945042850735785
1.8140000000000001 0.10000000000000001 0.099946500089973217
1.8160000000000001 0.10000000000000001 0.099948112529983327
1.8180000000000001 0.10000000000000001 0.099949870640947139
1.8200000000000001 0.10000000000000001 0.099951764277310312
1.8220000000000001 0.10000000000000001 0.099953782738400374
1.8240000000000001 0.10000000000000001 0.099955914831011003
1.8260000000000001 0.10000000000000001 0.099958148933605329
1.8280000000000001 0.10000000000000001 0.099960473061787902
1.8300000000000001 0.10000000000000001 0.099962874934693496
1.8320000000000001 0.10000000000000001 0.099965342041940394
1.8340000000000001 0.10000000000000001 0.099967861710799258
1.8360000000000001 0.10000000000000001 0.099970421173231516
1.8380000000000001 0.10000000000000001 0.099973007632456853
1.8400000000000001 0.10000000000000001 0.099975608328717533
1.8420000000000001 0.10000000000000001 0.099978210603915582
1.8440000000000001 0.10000000000000001 0.099980801964807783
1.8460000000000001 0.10000000000000001 0.099983370144459002
1.8480000000000001 0.10000000000000001 0.099985903161663267
1.8500000000000001 0.10000000000000001 0.099988389378058928
1.8520000000000001 0.10000000000000001 0.099990817552680356
1.8540000000000001 0.10000000000000001 0.099993176893702976
1.8560000000000001 0.10000000000000001 0.099995457107158958
1.8580000000000001 0.10000000000000001 0.099997648442417514
1.8600000000000001 0.10000000000000001 0.099999741734244474
1.8620000000000001 0.10000000000000001 0.10000172844127461
1.8640000000000001 0.10000000000000001 0.10000360068075236
1.8660000000000001 0.10000000000000001 0.10000535125941673
1.8680000000000001 0.10000000000000001 0.10000697370042784
1.8700000000000001 0.10000000000000001 0.10000846226625364
1.8720000000000001 0.10000000000000001 0.10000981197745865
1.8740000000000001 0.10000000000000001 0.10001101862735683
1.8759999999999999 0.10000000000000001 0.10001207879251234
1.8779999999999999 0.10000000000000001 0.10001298983909497
1.8799999999999999 0.10000000000000001 0.10001374992511577
1.8819999999999999 0.10000000000000001 0.10001435799859103
1.8839999999999999 0.10000000000000001 0.10001481379170168
1.8859999999999999 0.10000000000000001 0.10001511781103527
1.8879999999999999 0.10000000000000001 0.10001527132401583
1.8899999999999999 0.10000000000000001 0.10001527634164564
1.8919999999999999 0.10000000000000001 0.10001513559769917
1.8939999999999999 0.10000000000000001 0.10001485252452605
1.8959999999999999 0.10000000000000001 0.10001443122563526
1.8979999999999999 0.10000000000000001 0.10001387644524549
1.8999999999999999 0.10000000000000001 0.10001319353500121
1.9019999999999999 0.10000000000000001 0.10001238841806373
1.9039999999999999 0.10000000000000001 0.10001146755079879
1.9059999999999999 0.10000000000000001 0.10001043788228978
1.9079999999999999 0.10000000000000001 0.10000930681191439
1.9099999999999999 0.10000000000000001 0.10000808214522863
1.9119999999999999 0.10000000000000001 0.10000677204840747
1.9139999999999999 0.10000000000000001 0.10000538500149518
1.9159999999999999 0.10000000000000001 0.10000392975072073
1.9179999999999999 0.10000000000000001 0.10000241526013458
1.9199999999999999 0.10000000000000001 0.10000085066282412
1.9219999999999999 0.10000000000000001 0.099999245211961532
1.9239999999999999 0.10000000000000001 0.099997608231937193
1.9259999999999999 0.10000000000000001 0.099995949069825688
1.9279999999999999 0.10000000000000001 0.099994277047428387
1.9299999999999999 0.10000000000000001 0.09999260141412801
1.9319999999999999 0.10000000000000001 0.099990931300784652
1.9339999999999999 0.10000000000000001 0.099989275674894004
1.9359999999999999 0.10000000000000001 0.09998764329721703
1.9379999999999999 0.10000000000000001 0.099986042680083112
1.9399999999999999 0.10000000000000001 0.099984482047554987
1.9419999999999999 0.10000000000000001 0.099982969297630897
1.944 0.10000000000000001 0.099981511966649769
1.946 0.10000000000000001 0.099980117196048088
1.948 0.10000000000000001 0.09997879170160498
1.95 0.10000000000000001 0.09997754174529716
1.952 0.10000000000000001 0.099976373109869524
1.954 0.10000000000000001 0.099975291076213058
1.956 0.10000000000000001 0.099974300403624983
1.958 0.10000000000000001 0.099973405313010841
1.96 0.10000000000000001 0.099972609473072238
1.962 0.10000000000000001 0.099971915989508248
1.964 0.10000000000000001 0.099971327397242543
1.966 0.10000000000000001 0.099970845655672602
1.968 0.10000000000000001 0.099970472146922229
1.97 0.10000000000000001 0.099970207677063758
1.972 0.10000000000000001 0.099970052480260752
1.974 0.10000000000000001 0.099970006225769029
1.976 0.10000000000000001 0.099970068027719017
1.978 0.10000000000000001 0.099970236457590414
1.98 0.10000000000000001 0.09997050955927661
1.982 0.10000000000000001 0.099970884866625351
1.984 0.10000000000000001 0.099971359423330936
1.986 0.10000000000000001 0.099971929805042534
1.988 0.10000000000000001 0.099972592143544939
1.99 0.10000000000000001 0.099973342152858094
1.992 0.10000000000000001 0.09997417515709521
1.994 0.10000000000000001 0.099975086119912571
1.996 0.10000000000000001 0.099976069675377643
1.998 0.10000000000000001 0.099977120160077759
